CENTERS:2
LABEL_DICT:{0= 0, 1= 1}
POINTS/LABELS: 
300.8;310.3;36.1;0
303.6;311.8;44.8;1
298.3;307.9;42.0;0
303.3;311.3;33.7;0
302.4;310.4;23.9;0
300.5;309.9;45.9;1
297.7;309.7;51.1;0
303.7;312.7;51.1;0
300.0;309.6;36.2;0
297.4;308.3;34.6;0
299.7;309.2;40.6;0
300.3;311.7;33.6;0
303.6;313.0;38.2;0
302.4;311.7;36.8;0
302.0;311.0;45.9;0
300.6;310.9;37.9;0
297.8;309.7;49.2;0
298.3;308.3;45.5;0
300.6;310.4;37.7;0
299.6;310.8;40.8;0
298.8;309.3;35.1;0
299.2;308.5;46.5;0
303.1;311.2;40.1;0
298.9;309.6;34.2;0
303.7;312.7;53.9;0
298.5;308.7;43.9;0
297.7;307.5;43.3;0
299.1;310.4;54.5;0
301.7;310.7;25.9;0
297.5;308.9;43.5;0
297.8;308.4;32.5;0
299.8;309.6;43.1;0
303.0;311.2;45.7;0
303.8;312.7;33.4;0
298.6;309.5;52.2;0
301.6;310.8;34.1;0
302.5;311.9;57.5;0
298.0;308.2;42.6;0
302.3;311.4;41.8;0
301.6;310.5;49.3;0
302.3;311.7;28.9;0
298.8;309.2;48.6;0
298.6;309.6;62.5;0
298.1;308.7;32.9;0
298.5;309.5;38.1;0
298.8;309.1;52.5;0
303.6;312.2;30.7;0
301.8;310.7;45.7;0
298.1;307.5;33.1;0
299.1;308.5;39.8;0
302.3;311.2;24.4;0
298.8;310.6;33.3;0
303.8;312.9;23.7;0
300.1;311.3;33.8;0
300.6;309.8;42.9;0
300.8;311.7;31.3;0
300.3;309.5;31.4;0
299.1;310.0;49.5;0
299.2;309.0;36.3;0
298.9;308.6;45.4;0
297.3;308.4;52.1;0
301.0;312.2;35.9;0
300.9;310.7;43.3;0
298.8;308.8;46.8;0
299.0;310.3;45.0;0
299.6;310.9;46.3;0
299.7;309.1;27.8;0
298.5;309.8;35.1;0
301.3;311.0;40.8;0
300.5;309.3;30.5;0
303.4;312.7;48.4;0
297.0;307.8;34.1;0
301.8;310.6;46.3;0
300.7;309.6;24.8;0
300.7;309.6;49.8;0
299.7;311.2;52.1;0
295.9;306.6;41.1;0
301.7;311.0;28.7;0
297.6;308.3;29.1;0
298.7;308.4;33.3;0
297.3;308.4;38.2;0
295.5;306.2;48.9;0
303.3;312.6;47.1;0
302.4;311.2;40.8;0
301.3;311.0;47.7;0
300.5;310.0;43.5;0
301.3;310.4;48.3;0
300.4;309.7;35.7;0
297.0;307.8;39.9;0
300.3;311.5;32.2;0
299.9;311.3;27.5;0
300.8;311.7;45.8;0
298.2;308.8;41.2;0
296.8;307.8;39.5;0
300.4;309.7;42.5;0
302.3;310.8;47.3;1
297.9;309.1;32.0;0
299.9;311.2;35.5;0
300.2;311.3;36.9;0
299.8;309.9;36.6;0
296.8;307.9;56.5;0
304.0;313.1;39.5;0
303.6;312.4;16.8;0
300.2;311.6;35.7;0
301.3;311.3;42.5;0
299.5;309.1;47.8;0
297.9;307.7;44.4;0
300.3;311.7;36.8;0
297.4;308.5;42.8;0
299.1;308.1;40.7;0
302.5;311.9;38.8;0
301.7;311.2;38.0;0
302.1;311.2;39.3;0
296.6;307.7;62.3;1
297.1;308.5;35.6;0
301.8;310.8;41.2;0
300.4;311.3;35.1;0
296.9;308.0;53.9;0
299.2;308.3;26.4;0
301.9;310.6;68.6;1
300.0;309.9;28.1;0
301.9;310.7;50.3;0
300.9;311.9;40.9;0
300.4;310.8;37.6;0
301.4;310.8;62.6;1
303.3;311.6;34.7;0
301.4;310.7;34.2;0
302.0;310.4;58.2;1
297.5;308.6;50.5;0
297.1;308.3;25.7;0
301.0;310.4;31.6;0
300.0;309.3;46.0;0
297.5;309.3;37.5;0
301.9;311.5;40.8;0
299.7;311.2;23.7;0
298.1;308.4;43.8;0
299.0;309.0;35.3;0
301.4;310.7;45.1;0
298.0;308.7;36.3;0
297.4;308.5;45.5;0
298.7;308.5;40.7;0
300.1;311.4;47.7;0
301.1;310.1;36.6;0
298.9;309.3;32.5;0
300.7;312.4;37.9;0
301.0;310.9;53.4;0
302.6;312.3;36.6;0
296.8;307.8;47.7;0
298.7;310.2;27.3;0
303.3;311.2;27.3;0
300.6;310.5;38.3;0
300.6;310.9;42.6;0
302.1;310.6;52.0;0
298.5;309.9;42.1;0
303.5;312.9;44.8;0
301.0;311.6;63.5;0
303.9;313.2;48.0;1
299.0;309.4;25.5;0
302.2;311.7;42.5;0
301.9;309.7;31.9;0
299.0;309.4;30.1;0
302.4;311.0;40.6;0
300.5;311.9;28.3;0
296.9;308.4;32.4;0
299.7;309.6;36.8;0
298.8;308.7;48.5;0
299.3;310.4;32.6;0
297.5;308.7;38.0;0
300.9;312.0;27.9;0
299.5;308.6;30.5;0
296.1;307.1;36.0;0
298.0;308.5;26.7;0
300.7;310.6;45.9;0
301.1;310.5;30.7;0
297.5;308.3;38.2;0
297.8;308.4;27.5;0
299.8;309.6;53.2;0
297.1;307.9;44.7;0
302.4;310.3;24.4;0
300.8;310.3;43.4;0
298.8;310.0;44.9;0
299.8;309.1;42.1;0
302.3;311.7;45.4;0
302.1;311.1;36.8;0
303.0;312.5;30.0;0
300.6;311.6;48.0;0
298.3;310.1;45.3;0
299.8;310.0;53.8;0
299.1;308.9;47.2;0
297.4;308.6;46.4;0
298.5;309.6;45.1;0
300.5;309.3;37.0;0
302.6;311.0;39.2;0
300.7;309.5;59.9;0
300.2;311.5;43.6;0
302.5;310.3;39.0;0
297.6;309.0;25.2;0
300.4;309.7;51.2;0
295.8;306.5;35.1;0
302.4;311.4;40.4;0
303.8;312.8;53.3;0
297.4;308.8;62.4;1
298.1;308.2;63.9;1
302.3;310.9;48.9;0
297.8;308.8;36.9;0
297.4;309.1;35.0;0
300.8;312.3;26.3;0
297.6;309.5;20.6;0
298.7;309.7;40.6;0
298.0;308.6;44.1;0
300.7;309.3;45.3;0
300.7;311.8;41.9;0
300.1;311.6;36.6;0
298.8;309.9;44.6;0
303.9;313.0;22.5;0
300.3;311.8;48.0;0
300.9;310.0;36.0;0
301.1;310.7;16.7;0
300.3;311.5;41.0;0
299.7;309.1;41.2;0
300.1;311.5;47.2;0
301.1;310.6;47.6;0
299.4;310.9;47.3;0
297.2;308.5;42.9;0
298.4;308.9;50.0;0
302.4;311.0;46.2;0
300.8;312.0;53.3;0
299.5;310.0;52.7;0
301.5;310.5;44.1;0
302.8;312.4;27.0;0
295.8;306.4;47.6;0
297.4;308.5;37.8;0
302.3;311.7;40.5;0
301.5;310.8;25.5;0
301.9;309.6;43.2;0
303.9;313.0;36.0;0
296.5;307.4;55.6;0
299.9;309.4;53.9;0
300.4;309.6;33.6;0
297.4;308.7;48.9;0
300.0;311.5;49.0;0
301.2;310.3;39.7;0
298.8;308.8;49.9;0
303.1;311.3;55.6;0
298.8;310.3;59.0;0
298.0;308.5;37.7;1
300.7;310.2;54.8;0
300.0;309.1;28.3;0
300.5;309.7;30.5;0
303.5;311.9;38.9;0
299.9;311.3;24.4;0
298.9;308.9;27.1;0
298.0;308.4;42.0;0
301.6;310.7;39.5;0
302.5;310.2;34.8;0
300.4;311.2;62.0;0
302.3;311.1;57.1;0
298.8;309.8;42.4;0
301.7;310.2;28.9;0
301.5;310.6;48.1;0
303.3;311.4;37.3;0
299.8;309.7;47.4;0
298.0;309.0;38.5;0
299.2;308.4;53.2;0
297.1;308.0;25.6;0
302.3;311.4;21.9;0
300.4;312.0;34.9;0
303.5;312.6;34.2;0
302.3;311.7;37.6;0
298.2;308.3;16.8;0
301.9;310.5;39.7;0
297.3;308.5;34.3;0
298.2;308.7;29.4;0
298.6;309.5;30.2;0
296.9;307.9;32.6;0
301.2;311.0;35.1;0
300.5;311.4;51.4;0
298.0;308.3;34.7;0
300.1;311.3;41.0;0
303.4;312.8;38.7;0
300.4;309.9;31.8;0
299.0;309.0;45.2;0
297.2;308.5;25.8;0
298.8;310.0;49.6;0
298.2;309.0;45.8;0
301.6;310.9;50.7;0
301.9;311.0;63.6;0
299.5;308.7;13.0;1
300.3;309.6;46.6;0
302.6;310.2;39.0;0
302.2;311.5;34.0;0
300.3;310.2;52.3;0
298.9;309.7;48.8;0
299.4;308.9;33.7;0
300.9;312.2;23.2;0
301.3;310.7;46.0;0
300.4;311.4;31.7;0
300.8;310.7;48.1;0
298.0;308.7;48.5;0
300.6;311.7;47.7;0
300.7;310.3;50.7;0
298.9;310.0;48.9;0
301.7;311.0;49.2;0
301.4;310.7;44.4;0
298.9;308.8;32.7;0
302.6;312.1;47.3;0
298.3;309.4;29.0;0
301.5;310.6;47.4;0
296.9;307.7;41.4;0
302.5;312.0;43.2;0
298.0;308.5;46.6;0
299.7;311.0;49.8;0
297.5;308.6;29.4;0
301.5;310.7;38.6;0
298.4;310.1;23.7;0
301.0;311.3;39.2;0
303.3;311.8;40.6;0
301.4;310.7;26.1;0
300.1;311.4;35.7;0
301.9;311.4;39.9;0
300.0;311.4;41.2;0
301.9;310.6;38.8;0
300.6;310.6;52.8;0
298.3;309.5;30.3;0
300.2;309.8;24.1;0
301.0;310.9;21.6;0
301.9;310.4;62.8;1
300.0;311.4;49.6;0
300.5;311.8;42.0;0
303.5;311.8;21.9;0
298.0;307.9;51.0;0
301.7;310.2;61.2;1
297.8;307.8;34.3;0
298.7;308.5;35.2;0
298.3;309.6;54.8;0
302.9;311.0;49.9;0
302.3;311.3;34.1;0
299.5;310.0;43.1;0
301.0;311.1;47.4;0
303.6;312.5;48.2;0
303.9;313.2;40.0;0
299.1;310.6;48.0;0
303.3;311.6;45.1;1
300.2;311.4;43.6;0
299.7;311.1;32.4;0
297.8;307.7;39.7;0
303.6;312.0;50.3;0
300.3;311.7;26.3;0
300.8;311.3;43.5;0
300.5;310.4;26.5;0
300.7;311.8;47.0;0
301.8;310.8;43.4;0
297.6;308.7;48.2;0
298.1;307.8;43.5;0
297.2;308.6;46.6;0
303.3;312.2;40.0;0
302.4;311.8;30.0;0
302.7;311.9;46.5;0
297.9;309.0;46.5;0
299.1;308.3;46.9;0
301.3;310.3;55.6;0
303.1;312.5;49.1;0
303.8;312.5;45.1;0
299.7;310.6;35.1;0
302.6;312.3;34.3;0
299.6;310.6;35.1;0
300.1;311.1;33.4;0
297.3;308.2;53.5;0
303.7;312.1;51.8;1
298.7;308.5;39.9;0
299.3;309.0;38.7;0
299.8;310.6;31.3;0
300.7;309.7;52.4;0
296.6;307.6;40.2;0
300.6;309.5;38.8;0
299.6;310.9;31.8;0
299.7;310.4;44.5;0
301.9;310.8;37.6;0
296.9;307.8;37.0;0
298.2;308.3;18.0;0
301.0;310.9;37.3;0
300.8;310.4;46.8;0
299.0;308.6;45.9;0
301.4;310.4;28.9;0
297.5;308.8;57.3;0
301.1;311.0;51.1;0
297.4;308.5;36.4;0
302.4;311.2;47.9;0
302.3;310.1;37.8;0
301.6;310.4;41.1;0
301.7;310.7;21.8;0
298.9;310.0;27.3;0
299.2;308.9;39.1;0
300.9;309.4;25.6;0
302.7;312.3;25.4;0
300.4;310.2;36.9;0
300.5;310.4;33.1;0
299.3;309.1;31.3;0
298.3;308.4;37.0;0
298.6;309.2;19.6;0
299.8;309.4;40.9;0
300.6;310.5;43.1;0
297.3;308.8;36.1;0
297.5;308.9;30.7;0
303.4;311.9;37.9;0
297.0;307.7;47.1;0
303.8;313.1;25.8;0
300.2;309.9;31.2;0
300.6;309.6;42.4;0
297.5;308.2;31.3;0
299.8;309.6;41.7;0
302.0;309.9;42.8;0
300.1;309.3;56.0;0
299.8;309.6;48.0;0
298.7;309.1;32.7;0
298.0;309.1;34.8;0
298.0;308.1;32.3;0
301.6;309.9;43.4;0
297.4;308.6;40.1;0
298.6;310.1;49.9;0
300.9;310.5;21.9;0
298.0;308.8;27.2;0
302.4;310.9;40.7;0
300.3;311.6;38.8;0
299.4;310.4;40.6;0
298.7;309.9;39.7;0
300.4;311.0;46.1;0
297.5;309.2;27.4;0
297.5;308.5;57.4;0
298.1;308.6;53.9;1
299.9;309.2;36.5;0
303.0;311.2;44.6;0
297.6;308.4;38.3;0
302.0;310.9;47.2;0
299.9;311.3;52.3;0
302.9;311.2;23.8;0
300.9;310.9;32.0;0
299.9;309.4;42.2;0
296.4;307.4;36.8;0
300.8;310.3;36.3;0
304.0;313.0;30.4;0
300.7;310.0;29.7;0
298.9;310.1;42.9;0
297.9;307.5;38.3;0
297.6;308.9;47.7;0
302.4;312.0;36.4;0
301.7;311.2;42.6;0
304.2;313.4;41.4;0
297.1;308.4;42.0;0
301.8;310.8;37.6;0
297.8;309.7;22.1;0
297.9;309.0;47.3;0
300.8;309.7;38.1;0
300.7;312.1;36.9;0
298.2;308.3;43.5;0
298.8;308.8;20.7;0
300.4;309.7;50.2;0
300.0;309.8;40.6;0
297.8;308.4;43.5;0
298.8;308.9;47.9;0
301.8;311.1;36.9;0
297.5;308.5;39.1;0
297.0;308.1;44.1;0
300.5;311.9;57.9;0
299.2;310.5;45.8;0
297.3;308.3;38.2;0
298.6;309.7;49.7;0
298.5;308.0;48.1;0
301.8;310.8;33.4;0
297.4;309.0;56.9;0
299.7;309.2;41.6;0
297.5;308.3;45.2;0
302.6;312.0;28.5;0
298.6;309.5;44.3;0
298.5;309.6;44.5;0
304.2;313.5;47.2;0
301.5;310.9;32.3;0
297.2;308.6;53.0;0
303.5;312.4;44.5;0
300.7;310.0;34.6;0
299.4;309.2;34.5;0
298.2;308.6;39.5;0
299.7;309.1;39.4;0
303.4;311.8;58.9;0
296.1;307.1;22.7;0
300.7;311.1;14.3;0
301.3;311.1;28.2;0
298.3;310.1;37.6;0
298.1;308.4;45.6;0
298.7;308.5;46.4;0
297.5;308.9;24.0;0
297.1;308.1;33.3;0
299.1;310.6;49.5;0
298.9;309.9;39.8;0
298.0;308.0;39.2;0
304.1;313.3;38.4;0
299.8;309.7;39.6;0
298.8;308.7;38.2;0
299.7;309.2;49.6;0
300.9;311.2;25.5;0
300.7;309.9;27.0;0
300.9;310.6;34.9;0
300.7;310.9;31.0;0
300.1;311.3;40.0;0
296.7;307.5;42.1;0
297.6;308.7;41.7;0
301.0;310.5;61.4;0
298.3;307.9;41.2;0
298.8;308.5;28.5;0
298.2;308.0;38.2;0
301.3;310.4;30.9;0
300.6;309.3;38.7;0
298.7;310.1;50.7;0
300.3;311.7;51.4;0
300.8;310.7;21.1;0
302.4;310.1;31.6;0
303.8;312.9;34.3;0
303.7;312.7;43.3;0
302.0;310.4;58.0;1
301.0;311.5;31.8;0
301.1;310.7;31.0;0
303.7;312.6;27.6;0
297.5;309.4;45.4;0
303.5;312.0;29.7;0
302.0;310.9;34.4;0
302.0;310.4;35.6;0
300.1;309.0;54.8;0
300.8;310.4;36.0;0
297.6;308.4;41.9;0
303.8;312.6;23.9;0
300.6;309.7;22.8;0
300.7;311.8;42.4;0
297.9;308.1;40.8;0
298.5;308.8;58.7;0
301.7;310.5;33.0;0
297.3;308.3;14.9;0
300.8;312.0;50.2;0
297.5;309.4;36.7;0
297.7;309.3;36.9;0
297.3;308.3;38.2;0
301.0;312.0;37.5;0
302.3;311.0;49.7;0
297.3;308.3;51.9;0
304.1;313.2;43.4;0
300.7;312.3;27.3;0
298.0;308.5;33.0;0
302.1;310.8;35.3;0
297.4;308.8;46.2;0
297.3;308.7;34.1;0
298.1;307.7;38.3;0
299.0;308.7;42.8;0
298.7;309.6;46.7;0
299.2;308.8;39.2;0
302.2;310.6;48.4;1
297.2;308.7;49.9;0
300.7;310.6;41.7;0
303.7;312.9;50.1;0
297.4;308.7;51.1;0
297.5;308.9;30.4;0
303.6;312.0;52.9;1
298.6;308.2;51.4;0
300.4;309.8;40.3;0
300.7;309.6;34.6;0
298.9;309.8;21.7;0
298.9;309.6;55.3;0
299.5;309.4;58.8;1
301.7;310.1;12.6;0
301.3;311.0;50.2;0
299.4;309.0;32.2;0
298.6;308.4;42.4;0
303.9;312.7;24.4;0
299.6;310.9;31.2;0
297.5;308.4;44.3;0
303.5;312.0;25.8;0
297.3;308.3;41.7;0
300.4;311.6;33.0;0
298.4;309.4;50.0;0
298.0;308.9;37.1;0
301.0;311.1;35.6;0
298.8;309.6;41.9;0
300.3;310.0;40.8;0
301.5;310.5;28.7;0
300.1;311.3;42.3;0
300.1;309.1;58.7;0
298.6;310.0;35.5;0
302.4;310.3;36.2;0
302.8;312.2;27.4;0
303.5;312.9;52.9;0
302.5;310.2;43.0;0
298.3;307.8;55.4;0
298.1;307.4;33.9;0
301.6;310.4;35.3;0
301.5;310.5;34.2;0
298.7;309.6;26.9;0
301.7;310.2;30.8;0
297.7;308.2;43.0;0
304.2;313.5;41.3;0
298.1;308.6;42.8;0
297.9;307.7;37.6;0
297.5;309.3;36.1;0
297.6;308.3;34.3;0
301.0;311.5;43.9;0
298.6;309.6;39.1;0
298.8;308.7;35.2;0
301.7;310.6;59.7;0
297.4;308.6;53.6;0
300.4;309.5;29.2;0
300.4;310.5;25.1;0
299.0;310.2;28.8;0
300.6;312.3;37.2;0
301.6;310.7;44.4;0
298.9;308.7;26.6;0
298.8;308.4;27.7;0
302.0;311.2;49.5;0
298.8;310.3;41.8;0
301.0;310.9;29.8;0
303.6;312.3;31.3;0
303.4;311.8;35.9;0
302.2;311.7;45.6;0
298.7;309.8;36.7;0
302.0;310.6;55.3;0
297.7;309.1;38.8;0
299.5;310.8;32.4;0
302.0;310.3;29.6;0
297.5;309.5;27.9;0
297.2;308.5;54.0;0
300.0;309.4;38.5;0
300.2;309.4;38.3;0
302.4;311.2;50.5;0
302.4;311.8;30.1;0
299.8;309.4;43.4;0
299.3;308.8;45.8;0
300.6;310.4;42.6;0
299.8;309.1;35.4;0
298.3;309.1;45.1;0
297.2;308.1;30.9;0
300.0;309.6;38.1;0
303.9;313.0;31.4;0
301.3;311.2;44.5;0
298.4;307.9;28.2;0
298.0;308.1;37.1;0
304.4;313.7;33.5;0
299.2;310.7;36.3;0
302.5;311.5;26.4;0
296.7;307.8;34.6;0
299.8;309.7;42.6;0
298.6;309.8;34.6;0
301.2;309.9;19.7;0
301.6;309.9;43.7;0
302.1;310.1;46.6;0
297.8;308.4;33.2;0
300.5;311.9;22.1;0
297.7;307.3;49.2;0
298.8;308.6;37.7;0
298.9;309.8;36.5;0
299.7;310.8;46.6;0
296.9;307.7;30.8;0
298.7;309.7;37.4;0
299.9;310.4;53.3;0
296.9;307.8;49.1;0
298.8;308.8;40.5;0
302.2;311.7;34.0;0
298.8;309.9;47.4;0
298.1;308.0;35.3;0
303.8;313.2;29.6;0
297.2;308.1;38.5;0
300.2;309.8;49.3;0
298.2;308.2;47.1;0
296.9;307.8;35.8;1
300.9;310.6;36.7;0
297.4;308.6;29.1;0
298.8;309.7;29.6;0
300.0;311.4;39.0;0
300.8;310.6;36.2;0
297.5;308.6;37.6;0
297.5;308.8;34.9;0
298.1;307.6;27.7;0
303.2;311.5;39.2;0
301.6;310.8;65.3;0
302.2;311.5;25.7;0
297.9;307.4;52.8;0
298.3;308.7;28.6;0
301.1;311.2;53.0;0
301.1;310.0;40.1;0
302.1;310.6;38.9;0
297.3;308.7;53.8;0
300.8;310.9;55.8;0
297.7;309.7;30.2;0
297.5;308.5;30.0;0
298.1;307.7;40.3;0
298.4;309.7;34.6;0
303.6;312.4;41.9;0
297.9;308.0;46.2;0
300.7;311.7;38.4;0
299.6;311.1;30.7;0
300.3;309.5;62.2;0
302.9;312.4;51.4;0
301.9;310.9;39.0;1
297.2;308.5;47.9;0
297.0;307.9;27.3;0
301.4;310.8;29.2;0
297.1;307.9;26.9;0
300.5;311.5;36.9;0
298.9;310.3;39.0;0
302.5;310.4;35.6;0
297.7;308.7;40.2;0
300.6;309.9;43.7;0
301.3;311.1;41.2;0
297.2;308.4;42.1;0
300.2;311.7;55.1;0
298.3;309.5;49.9;0
295.8;306.5;37.9;0
300.2;311.6;47.3;0
298.9;309.2;36.7;0
300.3;311.7;57.5;0
300.4;311.4;44.6;0
302.4;310.1;52.3;0
301.0;310.9;44.3;0
300.4;311.7;59.5;0
299.3;310.5;40.5;0
300.3;311.7;55.2;0
300.8;311.2;51.7;0
302.4;312.0;32.5;0
297.7;309.7;37.7;0
298.3;309.1;45.3;0
302.0;310.4;46.6;0
300.4;311.4;23.9;0
301.9;310.4;48.0;1
300.1;309.6;25.4;0
303.7;312.4;43.9;0
298.6;308.3;34.1;0
300.3;311.7;53.3;0
297.8;307.3;61.0;1
297.6;308.6;40.4;0
303.7;312.3;26.4;0
299.4;308.6;26.8;0
298.9;310.2;30.2;0
299.9;309.5;39.4;0
302.0;311.1;50.5;0
298.9;310.6;33.0;0
300.2;310.1;38.7;0
298.2;309.7;37.4;0
298.8;309.1;46.3;0
299.4;309.2;41.5;0
297.8;307.5;33.1;0
299.5;309.1;49.5;0
304.0;313.1;45.5;0
301.6;310.8;34.2;0
300.5;309.8;54.2;1
297.4;308.8;33.4;0
297.8;308.9;40.4;0
298.8;310.2;27.6;0
301.5;310.9;39.0;0
297.7;308.2;43.9;0
301.1;309.6;36.1;0
301.2;310.7;39.4;0
299.1;308.3;43.4;0
300.7;311.0;44.3;0
297.2;308.3;37.8;0
297.3;308.4;41.3;0
301.2;309.9;52.4;0
300.6;309.3;46.0;0
301.4;310.6;35.0;0
300.7;311.3;53.0;0
295.8;306.6;46.5;0
297.6;308.3;53.9;0
296.8;308.2;34.7;0
300.4;311.8;32.3;0
301.4;310.5;43.5;0
303.6;312.4;53.7;0
298.4;308.9;37.1;0
303.3;311.5;55.6;0
297.7;308.7;24.9;0
297.0;308.1;43.5;0
302.4;310.2;37.7;0
300.9;310.7;36.2;0
299.3;309.1;36.8;0
299.4;309.2;35.7;0
297.2;308.6;41.1;0
300.0;310.2;36.4;0
301.4;310.7;37.7;0
300.1;310.4;39.4;0
298.6;309.5;55.0;0
302.9;312.2;41.4;0
298.3;309.1;52.3;0
301.7;311.2;36.7;0
298.3;309.6;27.1;0
301.0;311.2;35.8;0
298.2;308.9;54.0;0
304.2;313.4;40.2;0
300.4;311.5;29.7;0
297.1;307.9;54.0;0
300.9;312.0;42.7;0
299.2;308.5;50.0;0
297.6;309.6;49.8;1
301.9;310.9;32.5;0
300.4;311.5;44.6;0
297.3;308.2;24.5;0
296.3;307.3;31.4;0
297.4;308.1;25.9;0
301.5;310.5;44.5;0
296.8;307.4;49.9;0
300.2;311.7;54.2;0
300.8;309.7;46.6;0
303.7;312.4;59.3;0
301.9;311.0;41.5;0
302.5;311.2;40.1;0
300.4;310.6;35.6;0
301.2;311.0;37.2;0
299.0;309.4;25.7;0
299.1;310.4;40.9;0
297.8;307.3;44.5;0
299.0;308.4;47.5;0
297.2;308.3;39.7;0
297.7;308.1;15.6;0
297.5;308.5;40.4;0
301.3;311.0;47.5;0
302.3;311.9;42.3;0
298.4;309.1;48.0;0
297.9;307.8;59.5;0
296.9;308.0;33.3;0
300.8;310.8;45.2;0
297.5;308.8;50.3;0
302.7;310.5;41.8;1
302.9;312.2;23.6;0
298.5;309.4;33.6;0
302.5;311.9;44.9;0
301.1;310.8;27.5;0
299.4;308.7;60.5;0
298.8;308.4;47.3;0
300.4;311.2;28.9;0
297.3;308.4;40.5;0
300.4;310.2;47.3;0
303.9;313.2;40.7;0
298.8;308.5;29.0;0
302.2;310.6;43.6;0
302.6;311.9;46.9;0
302.7;312.1;39.8;0
298.6;309.6;35.8;0
301.5;311.0;42.6;0
297.5;308.4;44.5;0
300.7;311.9;30.9;0
300.4;310.8;56.0;0
297.3;308.4;35.6;0
297.5;308.8;24.0;0
299.2;310.6;50.9;0
300.2;309.5;28.4;0
298.3;307.9;26.5;0
297.2;308.6;51.3;0
301.5;310.4;36.8;0
300.2;309.5;48.8;0
300.0;311.2;31.7;0
299.1;308.3;36.5;0
299.2;308.6;50.0;0
300.7;310.8;21.4;0
296.8;307.9;30.8;0
295.6;306.0;50.0;0
301.0;310.9;54.9;0
299.1;308.6;46.7;0
300.6;310.7;38.2;0
297.6;308.6;48.2;0
297.0;307.8;40.7;0
300.3;311.9;49.0;0
301.4;310.9;39.3;0
303.7;312.5;35.6;0
301.3;310.4;50.1;0
297.3;308.0;45.0;0
298.0;307.7;47.3;0
299.0;308.8;58.5;0
302.0;311.3;41.1;0
298.8;310.5;52.8;0
298.2;308.3;33.2;0
297.8;307.7;38.0;0
301.5;310.4;55.3;0
298.8;310.5;46.4;0
299.9;310.4;50.0;0
299.1;308.3;42.8;0
300.1;311.2;39.1;0
298.8;309.8;36.6;0
297.7;307.4;29.0;0
304.0;312.9;53.9;0
300.9;311.2;40.0;0
297.7;309.6;35.2;0
298.0;308.3;42.6;0
303.4;311.6;30.1;0
300.5;311.4;32.3;0
300.1;309.8;35.2;0
298.4;308.3;59.1;0
297.9;308.0;21.1;0
303.1;311.3;34.8;0
300.7;310.5;31.0;0
301.5;310.8;49.0;0
298.8;310.6;25.4;0
297.9;308.4;40.6;0
301.5;310.9;23.2;0
299.3;310.0;44.8;0
301.9;310.7;51.0;0
297.9;308.1;31.4;0
298.0;308.2;35.8;0
296.5;307.4;49.2;0
303.5;312.4;32.7;0
298.2;307.8;46.7;0
298.9;309.1;4.6;1
297.8;307.3;35.8;0
300.8;312.6;53.6;0
301.4;310.6;33.6;0
300.4;310.1;41.9;0
301.4;310.1;46.6;0
295.8;306.4;51.7;0
297.5;308.8;49.4;0
298.0;309.2;37.9;0
301.2;311.0;32.8;0
302.3;311.7;43.2;0
300.3;311.9;41.6;0
299.4;309.3;59.0;0
304.2;313.4;42.5;0
298.0;308.3;56.8;1
301.5;310.7;35.4;0
298.6;310.2;31.5;0
300.7;310.6;37.0;0
299.3;309.0;35.0;0
298.1;308.2;35.3;0
298.3;307.8;22.1;0
298.8;309.7;43.1;0
300.8;311.4;44.6;0
302.3;310.1;40.4;0
298.8;308.2;44.7;0
300.2;309.4;35.3;0
302.6;312.0;29.3;0
302.0;311.2;49.5;0
299.6;310.9;29.8;0
303.7;312.8;44.5;0
298.2;309.0;44.2;0
297.6;308.7;59.9;0
300.8;312.6;35.6;0
297.2;308.7;38.1;0
299.8;311.1;35.7;0
298.3;307.8;42.0;0
301.0;310.7;45.0;0
303.7;311.9;33.3;0
302.7;311.7;45.2;0
298.2;308.0;35.9;0
300.2;309.4;27.8;0
297.7;309.0;24.4;0
302.2;310.6;51.5;1
302.6;310.3;34.2;0
297.4;308.7;40.2;0
301.7;311.2;37.9;0
300.1;311.5;54.0;0
302.4;310.2;28.3;0
299.0;310.0;34.6;0
297.8;308.4;39.9;0
297.0;307.8;33.3;0
304.1;313.5;45.8;0
299.1;310.4;33.3;0
301.7;310.7;41.1;0
298.0;308.7;48.2;0
300.3;309.9;31.7;0
297.4;308.2;51.9;0
297.5;308.6;44.9;0
298.2;308.0;44.1;0
300.5;309.8;43.8;0
297.7;307.6;22.9;0
303.1;312.4;50.1;0
298.6;309.4;55.5;0
301.4;310.8;38.0;0
304.0;313.2;31.7;0
300.6;310.4;13.4;0
297.3;308.7;35.6;0
300.3;311.7;43.5;0
299.0;310.2;39.9;0
297.8;308.8;49.6;0
298.1;307.8;49.8;0
299.2;308.4;42.5;0
298.6;309.8;28.3;0
298.1;308.0;28.5;0
298.9;308.5;37.6;0
302.6;312.1;35.0;0
303.6;311.9;36.0;0
299.4;309.1;47.3;0
300.2;311.8;51.4;0
302.7;310.5;39.3;0
299.5;310.8;54.9;0
297.4;308.5;52.1;0
299.0;310.4;49.6;0
298.9;308.3;36.6;0
297.5;308.6;39.0;0
299.3;308.5;43.1;0
302.3;311.1;35.6;0
298.5;309.4;37.5;0
298.8;308.5;33.2;0
298.3;307.9;28.9;0
299.9;310.2;46.3;0
298.9;310.2;49.0;0
299.8;309.0;37.3;0
302.7;311.5;41.4;0
301.6;310.9;43.6;0
300.0;309.0;51.7;0
298.1;307.9;58.2;0
300.5;311.4;18.8;0
303.7;312.4;32.3;0
303.8;312.5;52.6;0
298.0;308.7;69.4;1
297.9;307.7;35.9;0
297.7;308.8;45.6;0
298.8;310.0;32.4;0
299.8;310.3;23.7;0
300.7;311.5;36.4;0
300.5;309.8;51.7;0
301.7;311.1;40.5;0
297.4;309.2;38.8;0
302.6;311.6;39.0;0
300.5;309.6;50.2;0
296.9;307.9;20.4;0
303.9;313.2;29.3;0
298.7;309.8;48.8;0
295.5;305.9;37.2;0
303.3;311.4;59.1;0
303.6;312.7;46.2;0
296.9;307.7;35.9;0
301.3;310.8;39.5;0
298.0;308.5;31.0;0
298.1;307.9;35.8;0
297.4;309.1;49.8;0
297.9;309.0;29.0;0
297.4;308.9;39.0;0
301.9;311.3;40.8;0
301.1;310.5;60.7;0
298.9;308.5;50.0;0
302.8;312.4;57.1;0
302.5;311.5;35.1;0
299.3;309.0;30.6;0
303.0;312.5;40.2;0
302.9;312.4;41.7;0
297.1;307.8;42.3;0
302.1;311.0;50.0;0
301.9;310.8;47.7;0
299.0;308.6;22.3;0
298.9;308.5;42.9;0
297.2;308.6;49.8;0
298.7;310.3;41.5;0
301.7;311.0;40.3;0
300.2;311.7;50.2;0
298.6;308.2;68.2;1
297.9;307.6;40.1;0
303.7;312.4;40.1;0
303.4;311.7;32.2;0
300.6;312.2;18.5;0
298.1;307.8;28.2;0
300.6;309.5;49.6;0
301.0;310.7;46.1;0
303.7;312.6;43.3;0
299.3;308.4;42.3;0
298.5;308.0;49.2;0
296.3;307.3;57.7;0
297.7;309.0;38.2;0
301.7;310.1;27.3;0
302.4;312.0;43.4;0
300.3;310.2;44.7;0
299.7;311.1;44.9;0
295.5;306.1;24.3;0
304.0;313.1;39.8;0
300.1;309.3;23.0;0
298.0;308.5;48.0;0
297.6;309.6;50.4;0
303.9;313.1;49.3;0
297.4;308.5;39.2;0
300.4;311.3;56.5;0
302.0;310.5;24.4;0
301.0;311.0;37.0;0
298.4;308.9;23.9;0
302.5;311.1;36.8;0
297.1;307.9;39.4;0
302.1;311.4;44.6;0
302.4;311.1;42.9;0
299.1;309.0;43.0;0
298.2;308.8;51.9;0
302.3;311.5;50.8;0
301.7;311.1;37.2;0
303.7;312.4;28.5;0
303.5;312.4;54.2;0
303.6;312.5;54.1;0
298.1;308.4;40.2;0
300.7;312.3;33.2;0
299.8;310.8;35.2;0
302.7;312.0;21.4;0
300.5;309.5;34.2;0
300.7;310.1;32.8;0
299.2;308.9;26.4;0
298.2;307.6;51.8;0
301.1;310.6;48.8;0
298.2;307.8;33.8;0
298.0;307.6;45.0;0
298.7;309.8;29.0;0
298.9;310.1;41.5;0
299.8;309.4;32.5;0
297.4;308.4;39.4;0
301.5;310.4;46.6;0
302.5;310.4;46.8;0
299.6;309.2;37.3;0
302.5;310.3;37.3;0
302.6;311.5;37.0;0
300.6;311.7;29.9;0
300.3;311.5;41.5;0
302.4;310.4;29.7;0
298.8;308.5;44.4;0
303.3;311.8;62.0;1
300.5;309.5;49.9;0
300.0;310.2;29.7;0
301.0;310.5;57.3;1
302.5;310.3;32.6;0
302.6;312.1;28.7;0
298.4;309.1;36.1;0
302.0;310.9;31.5;0
298.2;309.4;46.5;0
300.5;309.9;26.5;0
299.1;310.6;23.9;0
300.1;308.9;38.4;0
298.9;309.7;48.6;0
299.6;309.1;51.4;0
301.0;310.9;36.7;0
301.9;311.0;46.0;0
302.2;311.6;20.4;0
300.7;309.6;20.5;0
301.7;311.2;34.5;0
301.3;310.8;55.2;0
301.4;310.8;29.6;0
297.6;308.8;31.6;0
301.7;310.6;46.0;0
300.7;311.5;40.6;0
298.8;308.5;35.0;0
300.5;309.8;72.8;1
301.3;311.1;27.6;0
297.5;308.0;45.8;0
302.0;311.2;65.3;1
300.5;309.8;37.4;0
302.6;311.0;51.0;0
301.3;310.3;55.7;0
301.0;312.2;47.0;0
300.9;310.2;50.4;0
297.4;308.3;45.5;0
303.8;312.9;27.8;0
300.4;311.7;51.2;0
300.6;310.7;45.3;0
301.9;311.0;12.1;1
303.6;312.3;17.7;0
299.0;310.3;33.3;0
298.5;309.5;34.8;0
297.7;308.7;28.4;0
300.3;309.7;41.5;0
297.8;307.4;41.2;0
300.1;311.4;52.1;0
297.9;309.8;71.6;1
300.3;309.2;44.8;0
299.2;310.7;42.6;0
297.5;308.4;52.2;0
302.4;310.1;35.8;0
298.1;308.9;51.7;0
299.8;310.0;48.1;0
302.9;312.4;23.9;0
299.0;309.0;52.2;0
298.2;307.9;45.5;0
297.0;307.6;37.4;0
304.2;313.3;35.7;0
298.2;309.1;36.3;0
298.8;309.8;40.0;0
299.6;309.0;36.1;0
298.0;308.2;52.9;1
298.2;308.7;48.4;0
299.2;308.3;45.5;0
304.3;313.6;32.1;0
301.1;311.1;19.8;0
298.9;310.2;20.0;0
302.2;311.3;37.1;0
302.6;311.6;34.7;0
303.5;312.5;46.1;0
301.9;309.6;41.7;0
298.8;309.7;45.8;0
299.0;310.3;29.7;0
301.6;310.6;36.6;0
300.7;309.5;19.7;0
298.9;308.6;40.7;0
297.5;308.1;72.0;1
302.9;312.2;30.5;0
300.0;309.4;20.0;0
299.3;308.7;48.7;0
298.9;309.3;32.5;0
299.7;309.2;35.1;0
302.8;312.4;53.8;1
300.3;311.7;31.2;0
301.0;311.3;47.0;0
303.4;311.7;25.8;0
298.8;309.6;31.9;0
296.9;307.6;45.7;0
300.1;311.3;40.2;0
299.3;308.5;32.7;0
298.0;307.7;34.1;0
298.5;309.7;42.6;0
300.8;311.9;28.3;0
299.8;310.9;47.2;0
299.1;308.6;41.6;0
296.9;307.9;43.9;0
298.4;307.9;14.2;0
302.2;311.7;38.6;0
303.7;312.7;45.5;0
300.2;310.6;42.3;0
299.5;310.7;39.5;0
300.3;309.2;26.4;0
300.1;309.5;32.7;0
298.9;310.2;50.2;0
297.4;308.3;27.4;0
301.2;310.7;27.3;0
301.8;311.2;26.6;0
298.3;310.1;49.6;0
299.9;309.2;50.8;0
299.8;309.1;58.0;0
300.9;310.8;30.4;0
297.3;308.9;24.5;0
296.4;307.5;47.8;0
301.7;311.3;45.9;0
298.2;307.9;36.6;0
297.2;308.1;31.3;0
296.8;308.2;53.8;0
298.4;308.6;45.0;0
300.4;309.7;35.2;0
298.3;310.1;36.3;0
298.4;308.9;44.8;0
300.3;311.0;34.7;0
302.9;311.2;36.9;0
302.2;311.6;35.9;0
301.2;309.9;50.7;0
300.4;311.1;50.8;0
299.4;310.4;31.7;0
298.1;309.0;40.5;0
299.0;310.0;48.1;0
297.5;308.3;30.0;0
298.9;308.5;40.6;0
300.9;312.0;50.7;0
300.5;309.7;30.2;0
300.6;310.2;44.6;0
298.0;308.2;30.6;0
299.7;309.4;39.9;0
298.7;309.6;27.3;0
300.0;309.9;34.5;0
300.5;311.6;36.2;0
300.5;309.8;62.7;0
300.6;310.2;31.7;0
302.7;310.7;57.7;0
297.5;308.5;33.1;0
298.2;309.3;43.8;0
296.3;307.2;58.6;0
300.0;309.3;22.0;0
301.0;310.8;35.3;0
303.9;312.7;62.3;0
298.4;309.5;38.8;0
296.7;307.4;38.7;0
300.9;310.7;41.7;0
299.1;310.3;42.1;0
304.1;313.2;48.0;0
302.4;310.7;40.4;0
302.8;310.6;37.9;0
297.9;307.8;59.3;0
301.4;310.6;48.6;0
302.1;310.8;25.7;0
300.2;309.3;35.6;0
300.7;309.6;48.5;0
298.8;309.8;42.8;0
301.0;312.2;33.0;0
298.2;308.8;40.4;0
298.0;308.4;22.0;0
302.0;310.6;37.4;0
298.3;308.5;31.6;0
301.8;310.7;37.7;0
300.8;311.7;46.4;0
298.9;310.3;36.3;0
296.3;307.4;19.1;0
302.4;311.1;22.4;0
301.8;310.3;52.5;0
299.2;308.4;39.4;0
300.8;309.9;46.0;0
298.1;309.1;52.5;0
295.6;306.1;49.2;0
300.9;310.8;39.0;0
300.4;309.7;31.1;0
302.3;311.8;37.8;0
300.0;309.6;45.9;0
298.1;307.7;56.2;0
299.5;310.0;50.4;0
299.4;309.1;44.1;0
302.4;310.2;28.0;0
298.8;308.5;38.7;0
298.3;309.4;52.3;0
301.8;310.8;26.5;0
298.9;310.1;56.8;0
296.3;307.3;49.5;0
300.0;309.3;43.9;0
300.9;312.0;38.7;0
300.3;311.2;25.6;0
302.4;311.8;39.9;0
300.3;311.8;37.2;0
303.3;312.1;44.7;0
304.2;313.4;44.0;0
299.1;310.1;55.6;0
302.3;310.9;47.2;0
300.7;309.9;45.3;0
296.8;308.1;48.3;0
300.6;309.7;43.8;0
297.5;308.3;40.8;0
301.4;310.8;31.4;0
300.6;309.4;47.6;1
299.6;309.1;41.3;0
300.8;311.2;52.3;0
300.7;310.6;40.5;0
300.1;309.4;41.7;0
298.8;309.9;38.8;0
302.3;311.5;26.1;0
299.0;310.0;39.6;0
300.5;309.5;23.6;0
300.8;311.0;44.4;0
298.9;308.7;49.8;0
300.6;309.6;32.8;0
302.3;311.7;46.3;0
296.7;307.8;47.5;0
300.7;309.8;48.4;0
297.8;307.8;30.7;0
297.0;308.3;59.0;0
297.5;308.6;58.9;0
301.2;310.9;50.8;0
298.3;308.4;41.7;0
297.6;308.2;18.5;0
300.1;309.7;49.1;0
302.2;310.8;23.8;0
302.0;309.7;34.8;0
297.6;308.8;45.9;0
297.6;309.3;41.3;0
300.6;309.4;28.0;0
300.1;311.3;64.7;0
300.4;309.9;28.6;0
297.1;308.2;42.6;0
300.7;310.4;51.7;0
300.2;310.2;43.9;0
299.6;310.2;44.0;0
301.0;310.9;52.9;0
301.8;311.1;31.6;0
303.1;311.2;32.3;0
300.7;311.0;51.6;0
301.9;309.7;37.5;0
297.5;308.7;46.2;0
300.5;309.8;29.1;1
297.6;308.6;30.1;0
299.4;310.9;27.8;0
297.8;308.8;35.2;0
297.5;308.7;37.6;0
297.6;308.6;38.3;0
297.1;308.4;33.4;0
298.7;309.7;29.8;0
301.1;311.3;53.3;0
304.1;313.2;25.8;0
297.4;308.6;59.1;0
301.6;310.5;25.5;0
302.2;310.0;48.7;0
302.7;310.8;36.1;0
297.4;308.5;48.6;0
298.4;309.4;46.3;0
300.8;311.7;38.7;0
298.4;308.7;52.9;0
298.6;309.6;35.0;0
301.1;311.1;41.6;0
296.2;307.2;34.8;0
297.8;308.5;46.3;0
302.8;312.4;39.7;0
300.7;310.7;51.6;0
300.3;309.6;41.3;0
297.5;308.1;44.8;0
298.8;310.1;44.0;0
299.7;309.2;54.1;0
302.6;310.8;41.2;0
301.8;311.2;55.9;0
298.2;308.4;34.9;0
300.7;310.8;28.9;0
302.3;311.8;42.8;0
300.7;311.9;47.7;0
299.2;308.4;41.8;0
299.0;308.7;22.8;0
300.3;311.6;53.4;0
300.6;310.5;18.0;0
302.6;310.5;45.4;0
300.5;312.0;43.2;0
298.9;310.3;54.0;0
301.3;310.1;31.0;0
300.1;309.1;30.4;0
298.0;308.6;42.5;0
296.8;307.9;48.8;0
301.1;311.1;42.5;0
295.8;306.4;53.2;0
297.2;308.4;26.4;0
297.8;309.2;56.9;0
303.4;311.9;41.6;1
302.3;311.2;42.7;0
300.7;310.1;46.9;0
298.0;308.9;53.9;0
300.8;310.8;27.1;0
297.0;308.2;29.4;0
299.0;310.2;35.8;0
300.1;309.3;31.0;0
297.4;308.6;44.4;0
301.8;309.9;51.3;0
300.5;309.8;49.6;0
299.2;308.5;53.6;0
300.9;310.5;29.3;0
298.8;310.6;39.1;0
301.5;310.5;28.7;0
300.7;311.2;47.9;0
299.3;309.0;43.4;0
303.5;312.9;34.5;0
299.0;310.0;56.4;0
298.8;309.8;48.2;0
302.6;310.6;37.5;0
298.1;307.7;29.1;0
300.8;310.8;44.5;0
298.4;307.9;27.3;0
300.1;311.5;40.8;0
303.7;312.5;45.7;0
300.2;309.1;42.2;0
300.7;310.3;40.0;0
299.6;309.4;32.9;0
297.9;307.4;35.5;0
303.7;312.3;38.9;0
300.3;311.6;53.4;0
300.7;312.2;49.0;0
301.7;311.0;35.9;0
298.2;309.0;37.2;0
300.2;311.6;46.4;0
300.7;311.1;13.4;1
299.1;310.6;24.1;0
298.5;309.4;40.2;0
301.5;310.7;47.3;0
300.7;310.1;32.3;0
302.0;310.9;53.1;1
302.9;311.0;24.6;0
300.7;310.6;38.5;0
300.7;310.2;64.9;0
296.7;308.0;50.7;0
297.5;308.7;28.1;0
297.3;308.2;26.8;0
297.5;308.7;44.7;0
300.2;309.5;51.5;0
297.8;308.9;33.5;0
300.2;309.9;36.4;0
297.9;308.7;26.6;0
301.9;311.0;33.1;0
302.4;311.2;52.0;0
302.6;310.4;43.1;0
302.2;311.1;52.1;0
299.4;309.2;40.8;0
301.5;310.6;20.2;0
301.1;310.0;48.1;0
301.8;310.7;44.2;0
298.9;310.2;56.9;0
297.5;308.4;33.3;0
299.7;309.6;41.0;0
300.5;309.5;27.7;0
300.7;310.3;36.0;0
297.7;308.7;46.8;0
298.5;309.6;41.7;0
297.2;307.9;38.4;0
299.0;310.3;40.0;0
298.7;310.2;45.9;0
299.4;309.1;22.1;0
299.2;309.9;41.4;0
302.3;311.7;38.7;0
299.6;309.0;60.4;0
297.5;308.5;42.2;0
297.8;309.3;20.1;0
298.5;308.8;30.6;0
301.9;311.0;29.9;0
300.6;312.1;46.9;0
301.0;309.6;32.7;0
303.3;311.5;35.2;0
297.1;308.2;30.3;0
302.0;310.4;47.2;0
302.0;310.4;23.2;0
300.6;311.0;34.7;0
298.1;310.0;40.9;0
301.7;310.0;50.6;0
297.9;308.7;35.9;0
299.1;310.2;48.4;0
298.4;308.9;34.9;0
299.3;310.6;31.4;0
302.4;311.0;40.4;0
297.5;309.4;45.3;0
299.9;309.5;57.9;0
297.5;309.3;39.4;0
300.1;309.0;33.0;0
300.2;311.4;44.4;0
295.9;306.6;38.6;0
300.7;310.9;41.8;0
300.8;311.2;17.0;0
301.2;310.6;30.0;0
301.1;310.2;43.4;0
297.3;308.7;38.4;0
301.5;310.5;34.3;0
297.9;309.1;49.6;0
300.7;311.1;49.9;0
299.6;309.4;46.4;0
298.4;309.6;30.2;0
301.0;310.8;34.9;0
300.3;309.2;47.6;0
297.9;308.8;32.1;0
301.6;310.6;30.1;0
296.6;307.5;35.1;0
302.4;311.9;46.4;0
299.8;311.2;28.3;0
296.6;307.6;41.1;0
297.0;308.1;43.1;0
302.7;310.5;35.0;0
298.9;309.9;44.1;0
299.2;308.8;38.9;0
303.7;313.0;24.3;0
296.8;307.4;48.3;0
302.5;311.9;41.6;0
295.5;306.0;50.8;0
300.7;310.6;29.6;0
303.4;311.5;36.4;0
297.5;308.4;39.9;0
303.6;311.8;30.8;0
297.5;308.6;52.6;0
297.6;308.6;62.4;0
300.6;310.7;32.0;0
298.4;308.1;50.8;0
299.6;309.0;33.6;0
298.8;309.9;42.4;0
304.1;313.2;47.5;0
296.9;307.8;57.1;1
302.6;311.0;68.0;1
300.0;309.5;22.4;0
298.1;309.1;44.5;0
301.7;309.8;68.2;1
298.9;308.6;49.5;0
300.0;309.1;23.8;0
298.8;309.0;29.5;0
299.1;308.7;38.9;0
303.7;312.8;47.3;0
301.1;311.2;29.6;0
299.4;309.9;40.6;0
302.4;310.1;36.6;0
303.7;312.7;37.2;0
300.7;310.8;47.9;0
298.5;308.2;32.3;0
303.1;312.8;44.1;0
302.9;311.1;45.3;0
300.9;311.3;28.9;0
297.9;309.2;34.7;0
301.8;310.6;50.5;0
302.1;311.4;37.4;0
300.8;312.0;49.3;0
299.2;310.1;37.7;0
299.7;309.2;57.4;0
303.7;312.6;44.1;0
299.6;309.1;32.3;0
299.2;308.4;23.9;0
302.3;311.6;26.4;0
300.5;312.0;19.3;0
302.6;312.0;32.2;0
303.5;313.0;41.0;0
295.9;306.6;26.7;0
302.5;310.3;41.8;0
304.2;313.0;40.9;0
303.8;312.6;47.1;0
299.2;310.4;43.3;0
300.5;309.8;38.9;0
299.7;309.0;49.0;0
297.3;308.3;41.9;0
303.4;311.8;15.8;0
300.5;311.5;38.4;0
299.0;310.1;59.5;0
302.7;312.1;35.2;0
298.9;309.8;53.7;0
298.5;309.7;60.8;0
302.6;312.1;52.3;0
297.0;308.1;39.0;0
297.2;307.9;35.7;0
299.4;308.6;39.1;0
299.6;309.3;39.8;0
300.6;309.5;23.0;0
301.1;311.3;16.6;0
299.3;308.6;41.4;0
298.7;309.9;45.1;0
300.5;309.9;19.8;0
301.9;310.7;47.1;0
299.7;311.2;43.9;0
298.1;310.0;43.1;0
301.2;310.0;45.6;0
303.9;313.0;48.3;0
301.4;310.6;30.7;0
300.1;309.2;27.7;0
296.8;308.0;38.3;0
300.7;310.5;52.6;0
303.6;313.0;35.8;0
301.9;310.4;37.6;0
297.0;307.9;69.1;1
302.6;311.0;37.2;0
302.0;310.6;46.7;0
297.4;308.7;43.4;0
300.9;309.7;42.1;0
303.0;311.1;40.7;0
302.0;310.6;44.9;0
300.8;310.1;26.9;0
301.7;309.8;46.0;0
303.8;313.2;26.5;0
301.0;310.6;33.7;0
301.2;309.9;40.9;0
299.5;309.3;19.3;0
301.0;312.2;59.0;0
300.8;312.3;40.3;0
296.5;307.3;37.2;0
300.5;309.8;21.4;0
300.5;311.0;28.3;0
299.1;308.8;38.3;0
302.1;311.5;31.6;0
298.3;309.3;51.9;0
299.8;311.1;35.1;0
302.4;311.4;35.0;0
300.2;311.8;28.5;0
301.8;310.8;48.2;0
298.9;309.3;42.7;0
298.0;307.7;38.7;0
301.3;310.6;49.4;0
297.3;308.1;35.4;1
298.6;308.4;46.4;0
302.7;312.4;48.7;0
298.7;309.8;54.3;0
302.6;311.4;25.8;0
297.5;309.3;41.7;0
298.9;310.1;48.0;0
298.4;308.5;24.3;0
303.1;312.4;61.5;1
300.8;310.1;61.2;1
302.6;310.3;33.2;0
296.2;307.0;37.6;0
298.3;308.0;41.0;0
300.4;310.5;43.0;0
301.1;311.3;22.8;0
297.9;307.8;46.9;0
298.4;308.0;41.1;0
300.1;309.5;40.6;0
300.7;311.7;46.1;0
297.6;309.0;43.2;0
296.2;307.2;63.4;0
300.8;310.9;28.1;0
297.3;308.6;50.7;0
300.7;311.0;48.2;0
301.2;310.8;28.9;0
301.7;311.0;37.1;0
301.8;311.0;27.2;0
302.0;311.0;36.2;0
299.0;308.7;32.5;0
302.9;312.5;30.9;0
302.1;311.4;43.4;0
297.3;308.6;42.9;0
301.8;311.1;31.6;0
301.7;311.0;44.3;1
301.1;312.3;39.0;0
298.4;308.2;43.5;0
302.2;311.4;48.1;0
297.4;308.8;34.1;0
302.7;312.2;35.5;0
298.2;308.2;38.2;0
296.3;307.2;35.0;0
299.2;310.4;36.4;0
302.9;312.3;36.3;0
297.4;308.5;16.9;0
301.2;310.7;42.8;0
297.3;308.3;19.3;0
298.3;308.2;28.4;0
299.7;310.3;34.5;0
298.4;309.2;17.7;0
298.7;309.8;38.4;0
297.5;308.7;26.2;0
301.0;312.1;49.9;0
297.3;308.7;36.1;0
300.6;310.0;42.4;0
300.0;311.4;46.1;0
298.8;309.1;54.4;0
300.3;311.8;32.1;0
296.6;307.4;25.8;0
300.1;309.1;46.7;0
299.8;311.0;20.0;0
298.8;310.1;28.8;0
303.6;312.6;39.8;0
301.5;310.8;38.9;0
299.6;309.5;35.5;0
303.6;312.6;40.2;0
300.9;310.9;35.7;0
299.0;310.1;19.7;0
299.1;310.5;37.8;0
300.2;311.0;14.7;0
300.5;310.3;43.3;0
298.4;308.9;32.4;0
296.2;307.2;44.0;0
302.3;311.0;51.5;0
297.2;308.4;30.0;0
298.3;308.9;31.8;0
300.9;312.0;17.8;0
302.6;311.5;38.9;0
300.4;309.8;39.7;0
298.8;308.6;32.4;0
300.0;309.5;28.3;0
297.2;307.9;75.4;1
303.6;312.8;33.1;0
297.0;308.0;47.9;0
297.4;308.5;31.4;0
295.8;306.3;54.6;0
300.7;311.1;35.3;0
298.9;308.6;31.0;0
300.4;309.4;38.9;0
301.6;310.0;30.3;0
300.7;309.6;51.3;0
300.3;310.0;43.2;0
298.8;308.6;35.5;0
302.1;311.5;39.4;0
295.7;306.3;34.3;0
303.5;312.3;41.7;0
300.8;310.5;44.5;0
299.4;310.7;41.2;0
298.5;308.7;33.9;0
299.3;308.6;37.0;0
299.3;308.7;36.3;0
303.8;312.7;20.2;0
301.4;310.4;30.6;0
298.3;309.1;32.7;0
303.0;311.1;20.2;0
298.8;309.9;39.1;0
297.2;308.5;16.5;0
302.9;312.3;44.7;0
301.6;310.7;29.7;0
301.3;311.1;39.1;0
297.5;308.4;50.0;0
297.6;309.0;25.3;0
300.5;310.5;26.7;0
297.5;308.5;41.6;0
299.7;311.2;42.3;0
298.3;308.1;33.9;0
299.0;310.3;34.5;0
299.2;308.6;35.7;0
299.0;308.9;39.6;0
300.8;310.5;35.8;0
302.3;311.6;39.9;0
295.4;305.9;40.6;0
298.6;309.1;51.1;0
297.4;308.0;38.0;0
300.2;309.8;49.3;0
298.2;308.9;54.4;0
296.9;308.3;38.2;0
299.3;310.9;25.1;0
297.3;308.3;41.5;0
297.4;308.7;36.2;0
301.8;309.8;39.8;0
295.6;306.0;52.4;0
301.1;310.5;35.8;0
298.9;310.6;38.8;0
297.2;308.6;50.4;0
300.4;309.5;50.7;0
298.8;309.1;39.2;0
301.6;311.2;42.9;0
299.3;309.1;37.9;0
300.5;311.6;26.8;0
299.0;308.7;48.5;0
301.6;310.7;23.8;0
295.6;306.2;48.9;0
299.7;310.7;37.8;0
300.9;311.0;38.0;0
298.4;309.4;41.8;0
299.8;309.5;27.1;0
302.0;309.8;58.1;0
300.0;309.0;32.1;0
300.7;312.4;47.2;0
296.8;308.3;45.9;0
297.4;309.3;36.8;0
301.5;310.6;33.7;0
302.3;311.0;37.6;0
298.9;310.1;62.7;0
301.9;310.9;46.2;0
304.3;313.5;36.7;0
302.2;310.8;46.8;0
302.4;311.0;59.4;0
297.6;308.5;34.2;0
302.3;311.8;23.0;0
300.1;309.7;30.4;0
303.5;312.7;49.3;0
298.5;308.8;36.0;0
300.5;311.6;37.6;0
297.8;308.9;32.2;0
298.0;307.6;28.9;0
304.1;313.6;37.4;0
302.2;311.3;32.8;0
301.4;310.3;41.5;0
300.6;309.4;35.7;0
301.5;310.4;55.6;0
298.9;310.6;38.1;0
301.0;310.4;30.9;0
300.0;309.6;28.7;0
302.1;310.9;30.3;0
301.7;309.9;46.6;0
303.3;311.4;25.6;0
300.5;311.9;31.1;0
300.6;310.2;51.0;0
303.4;311.4;29.6;0
298.5;307.9;54.2;0
302.7;312.4;47.8;0
302.8;311.0;38.5;0
300.1;309.4;27.4;0
299.4;309.0;19.8;0
303.5;312.6;51.6;0
297.5;308.4;27.3;0
298.0;307.5;27.8;0
302.2;310.8;32.9;0
301.8;310.8;38.8;0
297.4;308.5;32.2;0
298.6;309.6;35.7;0
302.2;311.5;43.8;0
300.9;310.6;35.4;0
300.1;309.7;48.3;0
302.6;312.1;38.1;0
300.3;310.0;37.5;0
299.8;311.1;64.2;0
300.5;311.9;28.4;0
300.4;309.6;44.7;0
300.5;311.6;51.1;0
299.6;311.1;37.2;0
298.6;308.3;40.4;0
299.9;309.2;43.2;0
301.9;311.0;32.2;0
303.6;312.7;47.7;0
300.6;311.5;47.0;0
301.9;309.8;27.5;0
298.6;309.8;56.0;0
298.6;310.1;33.9;0
300.6;310.3;30.5;1
297.3;308.2;38.2;0
302.5;312.0;45.7;0
300.2;311.6;53.5;0
298.1;307.8;40.8;0
300.0;311.4;23.3;0
299.5;310.7;33.5;0
298.1;307.8;49.1;0
299.3;308.6;48.1;0
298.6;309.6;42.5;0
300.7;309.5;43.8;0
301.5;310.5;39.0;0
300.6;312.0;55.1;0
296.6;307.4;28.0;0
300.8;309.9;19.2;0
300.5;309.7;50.9;0
300.1;311.4;40.4;0
299.3;308.8;35.5;0
302.1;310.9;30.7;0
300.5;311.4;47.5;0
300.9;310.9;41.5;0
301.6;310.9;40.9;0
301.7;309.8;39.3;0
302.8;310.6;19.9;0
299.2;308.4;32.7;0
297.4;308.4;40.0;0
302.4;312.1;47.7;0
297.6;308.3;42.3;0
298.5;309.8;40.9;0
298.0;309.2;39.5;0
297.9;307.6;40.7;0
296.9;307.9;47.6;0
300.2;309.7;36.8;0
297.1;308.4;37.0;0
300.8;309.7;28.2;0
300.4;309.8;47.2;0
298.9;310.0;43.8;0
301.0;310.4;34.4;0
302.2;311.5;40.4;0
298.2;308.0;42.4;0
304.2;313.4;54.5;0
300.4;311.6;76.6;1
300.1;309.7;33.8;0
297.0;307.9;45.6;0
300.7;310.1;35.5;0
300.7;310.6;52.7;0
302.2;310.8;16.6;0
303.8;312.7;41.7;0
300.1;309.7;35.8;0
302.4;311.6;35.0;0
302.2;311.4;35.4;0
299.1;310.2;52.8;0
301.4;310.6;46.9;0
298.9;308.7;28.4;0
300.8;311.3;41.4;0
297.9;309.8;29.9;0
300.1;311.6;37.9;0
300.2;310.1;30.5;0
299.0;308.6;30.8;0
301.7;310.8;21.6;0
298.0;308.9;35.6;0
302.4;310.3;45.8;0
300.5;309.7;24.3;0
298.3;308.8;30.4;0
300.5;311.5;56.1;0
302.0;310.6;54.7;0
298.7;309.7;34.6;0
297.5;309.2;40.0;0
301.4;310.8;34.6;0
297.4;308.5;25.9;0
296.8;308.0;41.7;0
296.6;307.4;47.8;0
301.6;310.1;55.8;1
299.3;309.0;40.6;0
296.2;307.2;36.5;0
297.5;308.8;49.8;0
303.0;312.3;38.8;0
302.6;312.2;38.8;0
296.8;307.8;36.4;0
299.5;310.8;31.3;0
301.1;311.3;30.7;0
299.7;310.3;40.4;0
297.4;308.4;39.9;0
299.4;309.0;24.3;0
299.9;309.4;26.0;0
299.4;309.0;51.7;0
301.8;311.1;42.2;0
298.4;309.0;52.7;0
300.8;311.2;38.5;0
298.2;307.7;31.0;0
300.0;311.4;38.2;0
299.5;309.9;51.7;0
301.2;310.8;41.2;0
297.5;308.9;44.6;0
301.6;310.7;50.5;0
300.6;311.8;44.8;0
302.7;312.2;58.6;0
296.7;307.8;32.4;0
300.8;309.6;38.7;0
304.2;313.3;37.3;0
303.4;312.0;35.9;1
301.0;310.9;44.5;0
301.1;310.9;37.9;0
297.2;308.5;41.4;0
300.9;310.4;32.7;0
303.6;313.0;30.9;0
298.6;309.5;44.8;0
300.3;309.5;37.9;0
300.8;311.1;41.1;0
298.4;308.3;39.9;0
300.3;311.1;37.1;0
302.3;310.8;26.3;0
302.9;312.4;50.9;0
300.0;309.5;30.1;0
301.9;310.6;65.9;0
297.3;308.2;31.4;0
296.6;307.5;45.5;0
299.6;310.9;39.7;0
300.4;310.0;66.1;0
298.8;309.8;36.3;0
300.9;310.9;43.2;0
300.4;309.6;43.9;0
300.6;311.7;34.9;0
298.5;309.7;44.6;0
300.7;312.4;61.7;0
301.5;310.5;39.1;0
297.9;308.9;40.6;0
299.0;310.4;28.0;0
299.0;310.3;46.6;0
298.1;307.9;32.0;0
300.7;310.7;46.7;0
301.9;311.2;29.1;0
303.5;312.0;52.9;0
299.5;308.8;20.9;0
299.3;309.0;29.7;0
297.4;309.2;29.4;0
298.5;307.9;33.1;0
303.9;313.3;34.3;0
298.1;307.7;27.6;0
303.4;311.6;41.9;0
304.0;313.1;28.7;0
300.5;309.8;35.9;0
298.7;309.2;45.6;0
298.4;307.9;31.0;0
297.8;307.4;24.3;0
299.3;308.8;28.4;0
298.0;307.8;35.4;0
300.2;311.6;35.0;0
302.4;311.1;34.2;0
298.0;308.7;40.1;0
297.4;308.6;38.7;0
297.5;309.3;29.8;0
298.7;308.4;43.2;0
300.5;311.7;54.7;0
298.7;309.9;26.8;0
295.7;306.5;26.2;0
297.2;308.8;43.1;0
300.4;310.0;44.2;0
298.9;310.6;52.7;0
300.3;311.7;56.5;0
296.9;307.5;9.3;1
301.0;311.6;55.0;0
298.3;309.1;31.1;0
298.2;308.4;53.8;0
298.2;307.8;31.1;0
300.9;310.8;33.0;0
301.4;310.5;33.9;0
300.5;310.5;47.4;0
297.3;308.8;44.1;0
300.8;311.7;32.2;0
301.7;310.9;33.0;0
298.5;308.2;27.1;0
301.5;311.1;45.1;0
298.4;308.3;62.3;1
299.0;308.7;28.6;0
300.8;310.5;31.1;0
299.1;310.3;46.7;0
300.1;309.6;45.1;0
299.9;311.3;38.1;0
298.8;309.8;36.2;0
303.0;311.2;26.1;0
298.3;309.0;45.4;0
298.2;309.0;57.8;0
300.9;311.3;58.9;0
301.1;310.1;27.2;0
296.9;307.5;51.1;0
301.5;310.5;22.4;0
298.4;309.2;32.4;0
298.4;308.7;36.1;0
303.5;312.9;30.4;0
298.2;308.0;30.0;0
297.5;308.8;39.0;0
303.6;312.4;46.0;0
300.0;311.4;45.6;0
298.7;309.8;53.6;0
297.9;309.0;40.9;0
303.1;311.4;23.3;0
300.1;309.5;42.8;0
298.5;309.3;33.1;0
302.3;311.3;41.8;0
298.5;308.6;54.4;0
298.7;309.7;30.4;0
302.2;310.1;34.6;0
298.5;309.6;41.5;0
302.0;309.8;57.3;1
300.4;310.4;36.3;0
302.5;311.5;29.2;0
302.2;311.8;62.4;0
297.7;308.8;24.5;0
299.1;308.6;45.1;0
298.6;308.4;42.9;0
304.2;313.4;31.7;0
298.2;309.1;49.0;0
301.9;309.6;34.6;0
297.4;308.8;49.7;0
302.6;310.8;36.4;0
301.3;311.1;42.0;0
301.7;310.8;40.4;0
300.0;310.2;51.2;0
297.6;308.7;37.9;0
299.5;308.8;20.4;0
302.0;311.5;52.3;0
296.9;307.7;39.7;0
302.4;310.8;28.8;0
297.0;307.9;46.1;0
302.9;312.5;32.1;0
300.0;311.2;37.9;0
300.0;309.5;24.9;0
298.8;310.1;31.3;0
298.3;309.4;35.6;0
298.2;307.9;23.6;0
298.5;308.3;24.7;0
297.8;309.0;48.8;0
300.1;309.4;47.3;0
298.0;308.6;57.0;0
302.4;311.1;45.7;0
300.6;309.8;31.1;0
298.1;309.2;26.9;0
299.5;310.0;38.5;0
298.9;309.8;22.8;0
300.3;311.7;22.3;0
298.7;309.0;25.8;0
299.1;309.5;48.2;0
299.0;310.4;45.2;0
300.7;311.2;24.3;0
298.6;309.8;44.9;0
298.2;307.9;39.7;0
298.7;309.9;18.2;0
300.7;309.9;26.6;0
303.7;312.2;34.9;0
298.9;308.5;44.7;0
301.9;309.7;35.9;0
298.3;309.4;46.2;0
297.5;308.6;62.3;0
303.6;313.0;31.6;0
299.3;308.9;24.7;0
297.6;308.6;45.4;0
298.1;308.1;32.8;0
302.0;310.7;28.1;0
297.4;309.0;37.0;0
299.4;309.0;33.7;0
301.5;310.7;27.9;0
300.6;310.7;42.9;0
296.8;307.8;39.4;0
301.3;310.0;31.4;0
303.9;312.7;24.3;0
303.2;312.5;39.9;0
301.3;311.0;35.6;0
296.8;307.6;37.6;0
302.8;311.0;43.5;0
300.9;310.8;19.7;0
299.2;308.5;37.3;0
299.1;310.1;41.2;0
301.2;311.0;41.4;0
298.7;308.6;43.5;0
297.1;308.4;40.4;0
298.5;308.0;29.8;0
300.4;311.7;47.2;0
299.0;310.3;34.4;0
297.8;308.4;32.1;0
297.4;308.0;34.6;0
301.6;310.8;49.5;0
298.0;307.8;26.6;0
301.5;311.1;40.0;0
299.1;310.3;59.0;0
301.9;311.1;51.6;0
302.4;310.5;36.7;0
303.7;312.5;36.6;0
304.0;313.2;53.9;0
300.3;311.6;32.5;0
301.7;310.7;31.9;0
296.7;307.7;23.9;0
302.0;310.5;25.1;0
299.0;310.1;21.2;0
298.8;308.8;44.4;0
300.5;311.9;27.5;0
299.0;310.3;43.0;0
300.6;311.7;39.8;0
302.0;311.1;55.7;0
301.0;311.3;41.5;0
302.4;310.1;43.7;0
301.3;310.5;45.8;0
302.2;310.9;34.0;0
302.0;310.0;22.9;0
297.4;308.6;24.6;0
300.6;310.0;44.0;0
300.7;312.1;44.0;0
298.7;309.8;42.1;0
297.4;309.4;45.5;0
301.2;311.0;33.0;0
299.2;310.7;27.0;1
302.2;311.5;31.2;0
296.9;308.1;44.3;0
302.5;311.0;35.6;0
299.9;309.6;59.3;0
302.5;310.5;21.6;0
299.0;310.1;36.0;0
300.2;309.5;46.9;0
302.3;311.3;44.5;0
302.4;311.3;50.5;0
300.9;310.5;41.2;0
300.5;311.9;35.2;0
299.9;310.4;45.7;0
298.3;309.4;31.5;0
297.5;308.6;53.5;0
300.9;310.0;46.6;0
299.1;310.5;35.9;0
301.0;312.2;39.9;0
297.9;309.7;16.8;0
298.3;309.0;32.2;0
297.2;308.3;28.0;0
300.8;310.6;44.1;0
302.8;312.6;39.4;0
297.3;308.5;42.0;0
302.6;311.9;39.1;0
296.5;307.6;43.6;0
299.8;310.4;30.3;0
298.3;308.4;30.6;0
302.2;311.2;29.6;0
301.8;311.0;32.5;0
298.2;308.3;49.9;0
299.4;309.0;47.3;0
298.1;307.7;48.3;0
298.7;310.1;34.8;0
299.8;309.8;33.4;0
297.6;308.5;42.6;0
298.2;310.0;44.2;0
300.2;309.4;37.0;0
298.5;309.3;27.2;0
297.8;307.8;43.7;0
300.4;310.7;36.3;0
297.8;307.9;48.6;0
300.5;310.2;25.9;0
299.2;310.4;37.3;0
302.2;311.1;47.0;0
299.4;309.3;28.2;0
302.9;311.0;40.7;0
302.6;311.9;35.5;0
304.2;313.6;40.0;0
302.8;311.0;33.4;0
303.6;312.3;29.3;0
299.0;310.4;36.1;0
300.6;310.2;41.9;0
304.1;313.3;28.3;0
298.8;309.7;47.3;0
298.1;307.9;40.0;0
298.8;309.7;39.0;0
302.4;311.8;43.4;0
302.9;312.4;46.0;0
300.4;309.8;48.1;0
299.6;309.4;29.8;0
300.5;311.4;27.6;0
298.0;309.0;55.9;0
302.3;311.5;38.2;0
296.8;307.9;30.8;0
301.6;310.6;49.4;0
303.0;311.1;54.3;1
302.2;311.2;43.6;0
299.2;308.5;27.0;0
298.9;310.1;49.9;0
297.8;307.8;32.1;0
299.8;309.6;31.0;0
300.0;311.4;24.1;0
301.6;309.9;53.6;0
302.6;311.9;48.0;0
302.5;310.3;31.6;0
301.3;311.0;44.5;0
298.3;308.8;50.4;0
302.3;311.3;34.4;0
300.8;310.7;44.7;0
298.2;308.3;41.8;0
303.6;311.8;31.7;0
300.4;311.5;27.3;0
302.4;311.1;44.8;0
297.5;308.6;51.5;0
301.5;310.4;12.0;1
298.8;309.9;35.2;0
298.6;310.0;48.0;0
298.8;309.1;49.1;0
298.9;309.9;52.1;0
296.7;308.1;46.3;0
300.9;312.1;42.4;0
302.4;311.0;47.9;0
302.7;312.1;32.0;0
303.1;311.2;35.2;0
302.3;311.0;34.8;0
301.5;310.3;41.6;0
299.7;310.3;43.1;0
302.3;311.9;52.4;0
300.7;310.5;47.4;0
301.4;311.2;36.5;0
300.2;311.6;56.9;0
302.7;312.1;46.9;0
301.8;311.0;33.3;0
300.2;311.7;30.8;0
300.7;310.5;38.7;0
299.5;310.1;61.1;0
301.0;312.1;30.7;0
299.3;310.4;44.9;0
297.3;308.4;23.1;0
297.5;308.9;47.4;0
299.2;308.8;33.5;0
301.8;310.9;24.7;0
302.3;311.7;53.6;0
299.0;310.1;37.4;0
300.0;309.3;29.7;0
297.8;309.1;45.5;0
297.3;308.5;42.4;0
303.8;312.5;28.0;0
300.2;311.5;36.1;0
297.8;307.5;48.6;0
297.7;307.2;43.7;0
300.3;310.3;29.5;0
298.7;309.2;44.8;0
302.0;311.1;36.0;0
300.7;311.9;50.2;1
303.6;312.4;28.7;0
302.3;310.7;37.8;0
300.1;311.4;45.7;0
301.8;309.6;49.0;0
300.8;310.6;48.8;0
303.6;312.0;35.7;0
297.5;308.7;44.3;0
298.1;309.9;30.0;0
300.9;310.9;52.5;0
303.7;312.6;42.5;0
298.9;310.0;49.3;0
298.8;308.1;53.5;0
297.3;308.7;39.3;0
302.3;311.0;36.6;0
303.3;311.6;56.8;1
300.3;310.4;29.2;0
298.7;309.9;38.5;0
300.0;309.9;41.4;0
297.9;309.9;33.8;0
298.0;309.4;38.1;0
302.3;311.6;33.2;0
300.0;309.6;33.1;0
297.3;308.5;44.5;0
298.0;308.2;45.5;0
298.0;309.1;23.5;0
298.0;307.7;41.3;0
300.3;309.2;32.0;0
302.9;312.3;34.9;0
298.4;308.6;47.1;0
297.4;309.0;30.7;0
300.9;310.7;50.0;0
297.4;308.1;57.4;0
297.4;308.7;57.4;0
298.5;309.3;44.7;0
297.2;308.8;47.9;0
301.0;310.0;43.5;0
298.2;307.7;32.4;0
300.6;310.4;47.7;0
300.2;309.8;41.9;0
299.6;311.0;33.2;0
301.6;311.2;46.5;0
301.3;311.0;36.6;0
303.0;311.2;29.8;0
296.1;306.8;31.0;0
299.4;309.3;43.6;0
295.6;306.2;44.5;0
302.6;312.1;37.3;0
299.0;310.2;37.9;0
298.3;309.5;37.1;0
299.9;309.2;33.2;0
297.2;308.0;42.5;0
300.5;311.3;41.8;0
304.1;313.3;24.5;0
300.5;309.8;48.8;0
299.2;308.5;39.8;0
298.5;308.2;47.5;0
303.0;311.2;37.0;0
297.1;308.5;40.0;0
296.2;307.2;52.0;0
304.3;313.6;40.3;0
301.5;310.0;44.6;0
301.5;310.6;41.9;0
302.0;309.8;39.4;0
299.4;309.0;28.4;0
302.6;311.0;38.0;0
299.5;309.3;42.3;0
302.9;312.2;42.0;0
298.3;308.5;32.2;0
300.7;309.7;38.2;0
302.7;310.6;48.7;0
301.1;311.1;23.8;0
300.7;311.9;46.5;0
300.4;311.5;29.0;0
298.8;310.0;38.3;0
298.4;308.6;44.0;0
299.7;309.2;45.3;0
298.6;309.8;46.4;0
300.7;309.5;24.5;0
301.0;310.5;33.2;0
300.5;310.0;37.0;0
298.3;307.7;49.4;0
302.3;310.7;39.7;0
297.6;308.3;27.7;0
303.8;313.1;58.7;1
300.9;311.2;35.0;0
300.0;310.1;28.0;0
298.6;310.0;37.5;0
297.1;308.4;42.5;0
300.5;311.4;27.1;0
301.0;310.9;41.8;0
301.9;310.9;31.4;0
301.5;311.1;27.9;0
299.4;309.0;47.9;0
300.0;309.6;47.7;0
300.2;310.0;47.3;0
302.1;311.3;38.4;0
296.3;307.2;31.6;0
298.4;309.7;44.2;0
299.9;309.3;41.9;0
303.9;313.0;28.4;0
298.0;307.8;29.9;0
297.6;308.3;44.3;0
304.2;313.5;28.1;0
302.5;311.0;43.1;0
298.1;307.9;33.3;0
301.0;311.7;34.5;0
303.5;311.9;38.7;0
297.6;309.6;32.1;0
298.1;308.3;42.0;0
303.4;311.5;50.8;0
299.5;309.2;35.9;0
300.6;310.6;50.4;0
303.8;312.6;41.9;0
299.4;308.6;41.8;0
296.4;307.3;19.1;0
300.0;309.4;35.7;0
301.9;310.9;37.0;0
304.0;313.2;68.6;1
300.2;311.5;41.8;0
296.7;307.6;41.7;0
301.2;310.6;52.0;0
299.3;308.6;52.1;0
302.2;311.6;44.2;0
298.9;308.9;47.5;0
298.9;310.1;51.7;0
297.7;308.1;48.8;0
297.8;307.9;25.8;0
296.6;307.4;42.3;0
302.4;311.4;40.1;0
297.6;308.5;48.6;0
302.8;310.6;30.5;0
303.4;312.7;32.8;0
300.4;311.9;21.3;0
298.0;307.9;37.8;0
301.9;310.7;37.6;0
299.2;310.3;33.3;0
300.4;309.5;50.4;0
301.5;310.5;16.4;0
300.3;309.7;30.8;0
300.9;311.4;42.7;0
303.9;313.2;40.6;0
302.4;311.4;41.2;0
298.9;308.2;20.0;0
296.6;308.0;22.3;0
303.6;313.0;39.7;0
299.2;308.4;51.3;0
303.4;311.5;24.7;0
298.8;309.8;38.6;0
298.8;309.8;33.6;0
299.8;310.2;32.7;0
302.0;310.0;28.6;0
301.2;310.6;45.3;0
299.8;310.8;51.9;0
297.0;307.9;33.3;0
300.5;311.6;49.3;0
299.4;308.6;56.4;0
299.6;309.2;36.7;0
303.8;312.8;47.9;0
298.1;308.9;15.9;0
298.1;308.8;25.4;0
302.9;310.8;32.2;0
298.2;308.4;43.5;0
298.1;308.0;20.8;0
300.1;310.1;39.3;0
299.5;309.3;36.6;0
303.3;311.4;30.6;0
302.7;310.8;55.0;1
300.6;310.2;34.1;0
301.4;310.7;42.0;0
303.7;312.5;36.0;0
299.8;309.4;37.4;0
297.8;307.4;51.7;0
298.4;309.3;28.4;0
304.1;313.0;37.2;0
297.6;308.6;32.7;0
298.3;308.9;28.0;0
302.6;310.5;43.2;0
299.7;309.6;34.4;0
298.8;309.5;32.8;0
296.6;307.4;50.2;0
300.8;310.6;37.5;0
302.3;310.8;43.8;0
297.2;308.0;26.0;0
300.3;311.8;26.3;0
301.5;310.5;32.9;0
299.0;309.1;45.1;0
300.7;309.6;43.0;0
302.2;311.5;39.5;0
297.3;307.9;30.2;0
297.6;308.3;34.3;0
300.0;311.4;34.5;0
302.0;310.8;17.3;0
298.6;309.5;43.3;0
302.1;311.5;44.9;0
301.7;311.2;43.6;0
301.2;310.3;38.6;0
302.0;310.6;43.2;0
300.7;311.9;35.8;0
303.6;311.9;50.1;0
297.4;309.0;41.8;0
302.4;311.0;37.1;0
297.6;308.6;45.3;0
301.8;310.6;62.3;0
299.8;309.2;42.6;0
295.8;306.5;37.7;0
297.5;308.2;33.6;0
297.1;308.5;46.9;0
301.9;310.8;39.2;0
301.0;310.9;44.2;0
301.0;309.6;48.0;0
303.3;311.8;49.4;0
298.4;309.0;36.1;0
302.6;312.1;51.6;0
301.7;311.2;42.4;0
298.6;309.5;29.3;0
296.9;307.8;54.5;0
300.8;309.6;45.8;0
301.6;310.9;29.5;0
297.4;308.4;46.0;0
300.2;310.3;59.5;0
303.5;311.6;46.5;1
303.5;312.1;55.7;0
300.6;310.6;44.7;0
300.4;311.4;31.7;0
300.2;310.2;42.9;0
299.0;309.1;35.0;0
303.6;312.3;32.4;0
302.0;309.7;36.3;0
301.6;310.8;44.7;0
298.4;309.2;28.5;0
296.7;307.5;33.6;0
299.3;310.6;42.1;0
300.4;311.5;32.5;0
303.7;312.9;41.0;0
304.2;313.4;43.4;0
298.8;308.6;28.1;0
298.7;308.4;46.9;0
298.8;309.6;27.7;0
299.8;309.5;27.5;0
298.8;308.5;47.4;0
299.3;309.1;38.0;0
297.6;308.7;50.6;0
301.8;310.9;36.5;0
296.9;308.1;41.8;0
299.1;310.1;20.1;0
301.5;310.7;46.1;0
300.7;309.5;26.7;0
300.4;309.5;21.9;0
299.1;309.0;53.8;0
302.4;311.0;15.4;0
300.2;309.0;31.2;0
302.5;310.4;40.2;0
299.7;309.2;38.8;0
297.7;308.8;19.1;0
298.2;308.2;21.4;0
298.0;307.8;37.7;0
298.2;309.0;34.1;0
301.9;311.0;44.9;0
298.8;310.3;36.8;0
298.2;307.7;44.5;0
302.3;311.3;31.6;0
302.0;311.2;45.8;0
299.2;308.4;43.5;0
299.0;309.0;31.8;0
300.3;309.3;57.9;0
297.2;308.5;34.9;0
297.3;308.6;59.8;0
298.7;309.2;42.3;0
302.0;310.5;39.8;0
301.0;310.9;25.7;0
301.3;310.5;39.7;0
299.1;308.6;36.6;0
299.7;309.1;50.1;0
299.7;309.2;44.8;0
296.3;307.4;50.5;0
298.9;310.0;43.6;0
298.7;309.8;31.8;0
299.0;308.2;30.4;0
302.2;310.4;28.1;0
299.0;310.1;40.3;0
298.2;309.4;52.9;0
301.1;310.8;49.3;0
303.6;312.5;33.7;0
304.0;313.0;42.1;0
298.0;307.7;43.6;0
296.7;307.9;50.1;0
303.8;313.0;38.6;0
302.4;310.2;36.2;0
300.7;311.0;25.6;0
298.2;309.0;40.5;0
298.0;308.7;48.2;0
297.9;308.6;29.6;0
298.5;309.4;33.7;0
297.4;308.9;28.8;0
297.1;308.3;45.8;0
303.3;312.2;40.7;0
297.8;309.2;61.2;0
304.2;313.2;44.9;0
300.5;311.8;34.8;0
300.2;311.0;33.7;0
298.8;308.8;40.6;0
295.7;306.4;40.1;0
298.2;309.0;40.6;0
302.3;310.9;36.7;0
299.0;310.1;35.8;0
300.1;310.1;30.8;0
302.0;310.8;46.3;0
299.8;309.4;51.6;0
300.4;310.2;43.2;0
300.7;311.9;42.0;0
300.3;309.4;33.1;0
302.0;310.5;30.9;0
300.3;311.5;31.9;0
298.3;309.0;43.2;0
300.4;311.7;45.6;0
303.6;312.0;37.9;0
298.2;308.1;49.9;0
300.8;310.9;38.7;0
299.4;308.7;62.9;1
300.1;311.7;42.6;0
301.8;309.5;39.6;0
302.5;312.2;27.9;0
301.2;310.7;22.5;0
297.5;308.2;40.7;0
301.8;310.0;19.0;0
297.5;309.5;42.4;0
297.2;308.5;55.6;0
296.8;308.0;29.8;0
301.3;311.0;33.6;0
300.0;309.0;45.8;0
297.4;307.9;34.3;0
297.8;307.6;30.3;0
298.6;309.8;42.8;0
299.8;310.8;48.6;0
303.1;311.3;31.8;0
302.6;311.0;38.0;0
298.2;307.8;46.6;0
299.6;310.1;48.7;0
300.0;310.5;25.7;0
303.9;313.2;44.1;0
299.6;310.9;65.2;1
300.3;311.9;30.8;0
298.9;308.4;51.1;0
300.0;310.0;41.8;0
303.6;312.9;23.5;0
297.3;308.1;27.7;0
299.0;310.3;39.2;0
302.1;311.2;59.2;1
302.9;312.3;47.7;0
300.8;309.4;20.5;0
296.6;307.6;37.4;0
301.2;310.3;38.1;0
300.2;310.3;42.5;0
298.0;308.0;29.5;0
300.1;310.4;37.1;0
297.6;308.6;46.4;0
299.8;311.2;35.9;0
301.5;311.2;28.8;0
299.5;309.3;22.5;0
300.7;311.7;30.8;0
297.6;309.2;48.1;0
303.5;312.9;23.3;0
297.2;308.4;51.2;0
298.5;310.0;26.1;0
298.6;309.9;59.5;0
304.1;313.2;42.4;0
299.3;308.5;60.6;0
303.7;312.8;37.7;0
297.4;308.3;51.7;0
298.6;310.0;40.3;0
301.4;310.7;32.2;0
298.5;308.3;50.5;0
302.1;311.5;53.6;0
298.7;309.6;57.1;0
300.2;311.6;40.7;0
302.1;311.2;37.9;0
300.9;310.8;30.2;0
297.3;308.7;40.2;0
296.3;307.2;45.9;0
299.8;311.3;35.4;0
301.2;310.2;42.3;0
297.2;308.3;42.0;0
297.4;309.2;54.3;0
296.7;308.1;40.9;0
299.8;309.6;51.6;0
302.6;310.5;28.2;0
300.6;309.4;43.4;0
297.3;308.7;40.0;0
301.5;310.4;54.2;0
299.8;309.3;42.7;0
301.2;311.4;28.0;0
300.5;311.4;47.0;0
300.1;311.4;40.9;0
297.8;308.9;25.6;1
300.2;309.7;30.5;0
303.3;312.6;24.2;0
298.9;309.6;34.5;0
300.6;309.4;45.2;0
297.7;309.1;38.3;0
298.8;308.7;33.6;0
300.1;309.6;38.0;0
296.2;306.9;39.1;0
303.2;312.6;35.3;0
298.8;308.9;37.9;0
301.9;310.9;16.1;0
301.1;310.7;40.7;0
299.6;310.7;23.3;1
297.5;308.4;35.9;0
299.8;309.1;39.4;0
301.7;310.5;43.1;0
300.9;310.8;26.2;0
300.2;311.4;37.9;0
299.3;308.9;60.3;0
300.9;310.1;17.8;0
299.2;308.5;46.6;0
297.5;308.6;26.7;0
303.8;312.6;29.3;0
302.8;310.6;41.1;0
297.5;308.4;28.1;0
301.4;310.4;51.2;0
301.4;310.5;60.6;0
298.0;307.7;42.5;0
298.8;308.6;35.0;0
298.8;308.9;32.4;0
297.1;308.1;36.8;0
298.8;309.2;53.9;0
296.7;307.7;32.1;0
302.0;310.9;29.0;0
295.8;306.3;76.2;1
299.9;309.5;20.4;0
300.4;311.8;59.2;1
299.1;308.4;31.6;0
303.4;312.3;42.1;0
298.6;309.8;30.2;0
300.1;310.4;38.1;0
304.0;313.2;40.6;0
299.1;308.5;31.0;0
301.4;310.7;29.8;0
298.3;308.6;34.8;0
299.0;310.3;38.1;0
298.8;309.1;50.8;0
296.7;307.8;47.5;0
297.4;308.2;50.0;0
298.4;309.5;36.6;0
298.3;307.7;43.8;0
302.4;311.4;26.9;0
297.8;309.7;31.3;0
298.4;308.1;44.0;0
301.4;311.2;36.3;0
299.1;310.7;51.1;0
300.2;310.3;38.7;0
298.1;308.9;46.2;0
297.5;308.6;39.7;0
303.1;312.4;41.2;0
298.8;309.0;38.2;0
302.7;312.3;61.2;0
302.2;311.2;34.9;0
301.2;310.7;26.2;0
297.4;308.6;32.3;0
297.6;308.3;40.2;0
299.5;309.3;46.2;0
299.5;310.8;40.2;0
298.5;308.3;43.6;0
301.8;309.5;30.1;0
299.5;309.0;28.6;0
297.0;308.1;45.3;0
299.6;310.2;47.0;0
303.0;312.6;42.1;0
300.7;310.5;22.2;0
299.0;310.4;49.1;1
297.3;308.7;46.2;0
298.1;308.0;31.0;0
301.7;310.5;35.9;0
296.8;308.0;40.4;0
301.5;310.5;44.0;0
297.8;309.0;43.3;0
300.5;309.7;42.8;0
298.3;309.0;41.3;0
298.9;309.8;50.6;0
299.3;310.5;47.5;0
297.4;308.4;41.5;0
299.5;310.8;48.3;0
297.0;307.7;51.1;0
297.8;307.2;38.1;0
300.5;309.8;37.8;0
302.7;312.4;51.9;0
302.6;311.7;51.7;0
300.2;310.0;30.7;0
304.1;313.3;39.0;0
297.6;308.7;39.0;0
300.0;310.2;26.9;0
302.7;312.4;46.3;1
302.8;312.4;36.8;0
298.2;308.8;34.8;0
299.3;308.4;47.4;0
296.7;307.4;32.5;0
298.6;309.5;38.1;0
297.3;308.4;32.9;0
297.6;308.5;39.7;0
301.5;310.7;33.1;0
301.0;310.7;48.1;0
299.9;311.2;49.6;0
299.0;310.0;19.5;0
301.0;311.0;25.8;0
297.1;308.2;50.8;0
300.8;311.4;40.9;0
302.9;312.3;52.1;0
300.0;309.0;16.9;0
300.2;309.4;21.4;0
301.3;310.0;54.8;0
299.7;309.3;54.6;0
301.6;310.6;23.6;0
297.6;308.5;23.7;0
301.3;310.0;30.8;0
300.5;310.5;38.2;0
298.8;309.8;37.2;0
298.8;308.7;43.4;0
301.5;310.6;43.0;0
298.2;308.1;42.5;0
298.0;308.9;51.4;0
303.6;311.7;39.8;0
297.1;308.4;29.5;0
297.1;307.8;36.6;0
301.7;310.7;51.1;0
298.9;310.1;38.2;0
298.3;308.6;37.1;0
303.3;312.6;29.0;0
297.7;308.8;50.2;0
300.7;310.1;40.2;0
303.9;313.2;37.4;0
298.7;309.8;53.3;1
298.9;310.1;54.5;0
297.5;308.4;37.2;0
298.2;308.3;24.2;0
301.9;309.7;42.8;0
297.3;308.7;43.8;0
299.3;308.6;48.9;0
303.4;312.7;49.9;0
300.7;311.9;55.1;0
302.2;311.6;36.8;0
301.9;310.9;40.3;0
299.0;310.4;38.8;0
301.2;312.4;47.8;0
302.2;311.3;26.4;0
298.9;309.0;22.6;0
297.5;309.4;26.6;0
296.9;308.0;34.5;0
300.1;309.4;56.2;0
297.4;308.3;21.8;0
297.4;308.4;38.7;0
299.1;310.1;24.2;0
301.0;310.9;44.6;0
298.8;309.7;49.6;0
301.8;310.0;40.3;0
302.1;311.2;50.8;0
297.2;308.6;24.1;0
295.6;306.2;33.6;0
300.2;311.5;44.3;0
298.3;308.6;49.5;0
298.8;310.0;45.6;0
302.1;311.1;37.6;0
298.2;307.9;49.4;0
299.5;309.2;40.9;0
302.2;311.0;46.8;0
298.3;308.9;30.7;0
297.5;308.4;31.0;0
297.7;308.4;38.6;0
301.0;311.0;58.0;1
303.7;312.7;48.5;0
303.3;312.6;44.4;0
300.5;309.6;41.6;0
299.5;309.1;47.3;0
297.3;308.3;60.6;0
300.9;311.3;31.8;0
302.3;311.3;32.8;0
300.0;310.4;49.1;0
300.7;310.9;38.9;0
302.4;311.1;45.9;0
299.9;309.6;44.4;0
302.1;311.0;60.3;1
297.1;308.6;37.1;0
300.4;309.9;38.7;0
302.2;311.0;23.2;0
298.3;308.6;38.1;0
301.6;310.6;65.8;1
298.9;310.1;44.4;0
303.4;312.9;54.1;0
299.3;309.0;23.5;0
300.8;309.7;39.7;0
297.1;308.4;28.4;0
297.3;308.3;39.6;0
301.2;310.8;38.2;0
299.5;309.3;24.0;0
298.3;309.5;36.9;0
300.3;309.9;38.5;0
301.5;310.4;34.1;0
302.4;310.2;62.4;1
297.1;308.1;37.7;0
298.0;308.2;37.9;0
297.5;308.4;42.8;0
297.8;309.0;64.2;1
301.8;310.7;47.9;0
300.2;309.2;51.3;0
296.7;307.8;36.3;0
298.9;310.2;36.1;0
297.8;309.2;30.9;0
296.9;308.0;41.0;0
299.0;308.5;23.0;0
302.6;312.2;27.1;0
300.7;310.6;42.4;0
303.9;313.4;48.5;0
300.1;309.2;37.6;0
300.4;309.3;41.6;0
300.6;309.4;39.4;0
297.6;308.4;31.4;0
302.6;310.9;52.0;1
300.6;310.4;39.2;0
302.2;310.1;45.1;0
299.7;309.6;53.4;0
298.7;310.1;34.1;0
297.2;308.0;43.0;0
298.5;309.1;41.3;0
304.1;313.3;39.9;0
302.3;310.1;33.4;0
298.3;309.5;54.3;0
301.3;310.6;47.6;0
299.9;309.6;61.3;0
301.6;310.6;43.9;0
300.4;310.0;26.1;0
303.9;313.0;36.6;0
299.9;310.4;26.6;0
302.1;310.8;41.3;0
299.9;309.3;31.1;0
298.9;310.7;33.6;0
298.3;309.4;36.1;0
301.9;310.3;21.3;0
298.6;310.0;41.2;0
298.8;309.9;45.2;1
299.0;310.0;34.3;0
301.4;310.4;39.4;0
298.8;309.1;42.4;0
303.0;311.1;43.0;0
298.6;309.7;33.4;0
303.1;312.6;36.4;0
297.6;307.1;44.9;0
302.7;312.0;41.5;0
297.6;308.4;32.4;0
301.0;310.6;27.3;0
300.7;309.5;37.2;0
298.5;308.0;25.8;0
298.5;309.7;12.1;1
302.1;310.5;36.0;0
303.8;312.9;35.8;0
297.2;307.9;37.5;0
296.9;308.4;46.9;0
297.2;308.3;30.3;0
297.8;307.8;57.9;0
297.4;309.4;35.4;0
300.9;312.1;31.0;0
302.6;310.2;10.8;1
302.6;312.3;42.0;0
301.7;311.0;43.0;0
299.8;310.4;28.3;0
297.4;308.3;41.2;0
300.7;309.5;44.3;0
297.9;308.5;47.2;0
298.0;308.2;42.1;0
300.0;309.7;42.4;0
302.7;312.0;37.0;0
298.8;309.6;33.3;0
297.5;308.5;30.4;0
302.3;310.8;43.8;0
295.7;306.2;46.2;0
302.2;311.1;53.7;0
300.9;310.5;35.9;0
301.3;310.1;53.6;0
298.4;309.5;45.3;0
303.7;312.8;40.7;0
302.4;311.9;36.6;0
302.5;312.0;40.2;0
298.2;308.4;42.2;0
302.4;311.8;46.1;0
298.7;309.5;46.0;0
299.6;309.4;62.1;0
297.9;309.1;44.4;0
297.4;309.0;37.9;0
297.4;307.9;33.4;0
299.1;310.2;45.0;0
301.1;310.1;45.8;0
300.0;309.2;27.9;0
298.6;309.4;47.1;0
296.9;308.3;39.2;0
300.2;309.6;49.2;0
300.6;311.9;38.2;0
301.4;310.7;36.5;0
302.7;312.4;24.8;0
302.3;311.7;31.5;0
303.7;312.9;41.9;0
301.4;310.6;18.0;0
304.2;313.6;33.4;0
303.1;311.3;19.7;0
302.1;311.4;22.7;0
300.5;311.5;48.2;0
297.7;307.1;30.2;0
298.3;308.0;47.1;0
299.2;308.5;35.8;0
301.1;310.2;55.3;0
298.3;308.9;52.7;0
302.1;310.7;45.1;1
301.2;310.9;37.9;0
297.0;307.9;24.2;0
299.0;310.4;46.2;0
300.7;311.7;43.7;0
298.9;310.1;42.7;0
302.8;312.5;43.4;0
298.9;309.0;65.7;1
299.5;310.9;48.7;0
299.7;309.1;41.1;0
298.9;310.5;38.5;0
298.3;308.4;44.2;0
301.3;310.4;51.4;0
300.9;312.0;44.2;0
297.0;307.9;31.7;0
300.0;309.1;45.4;0
300.6;309.8;36.2;0
303.6;311.8;33.2;0
297.2;308.2;28.1;0
299.3;309.2;46.3;0
300.5;312.0;60.8;0
298.3;308.3;43.8;0
303.9;312.9;42.5;0
302.2;311.6;54.1;0
301.9;310.9;34.5;0
297.4;308.6;41.3;0
301.9;310.4;34.1;0
300.6;310.0;35.9;0
302.9;312.2;33.9;0
303.8;313.1;42.2;0
302.4;311.1;30.1;0
299.8;309.4;42.9;0
297.4;309.0;41.4;0
298.8;310.2;30.4;0
302.0;310.8;36.6;0
299.4;310.5;46.3;0
298.6;308.2;36.8;0
300.8;310.7;40.8;0
296.8;308.1;24.2;0
301.8;311.3;31.6;0
302.0;310.9;55.5;0
297.3;308.3;61.5;0
300.6;310.7;53.7;0
301.0;310.7;57.2;0
298.5;309.0;30.8;0
297.5;308.5;28.0;0
298.9;308.4;31.8;0
304.3;313.6;56.0;0
297.3;308.7;31.6;0
298.4;309.0;38.8;0
300.9;310.3;44.5;0
299.8;309.5;28.5;0
297.1;307.8;30.3;0
301.0;310.8;19.7;0
296.2;307.3;37.0;0
304.1;313.6;43.7;0
298.1;308.9;52.4;0
303.1;312.5;30.0;0
299.3;308.6;37.7;0
300.0;310.1;28.7;0
301.7;310.6;45.2;0
296.8;308.0;39.4;0
301.3;310.8;47.9;0
297.3;308.5;43.3;0
301.3;310.6;38.5;0
297.9;309.5;47.9;0
302.2;310.9;53.4;0
302.2;310.7;24.9;0
302.1;310.5;49.6;0
298.5;308.7;47.3;0
296.6;307.4;45.8;0
301.9;310.9;38.9;0
301.9;311.0;47.4;0
298.8;309.9;35.2;0
301.2;311.7;49.3;0
302.5;311.5;44.1;0
298.7;309.6;55.6;0
300.9;310.4;41.7;0
303.5;312.4;30.1;0
301.2;310.7;32.4;0
300.0;311.5;32.0;0
297.9;307.4;34.6;0
301.3;310.6;30.4;0
298.3;310.0;43.9;0
299.5;309.2;22.6;0
299.4;310.0;43.2;0
299.6;309.2;23.4;1
299.8;311.2;26.3;0
297.4;308.9;59.1;0
300.3;309.4;33.5;0
301.9;310.4;54.9;1
301.0;310.4;16.6;0
298.9;309.8;49.0;0
302.2;311.4;19.9;0
297.9;309.1;44.7;0
300.4;312.0;43.0;0
297.9;309.0;37.6;0
301.9;310.4;24.8;0
297.1;308.1;36.6;0
297.5;308.8;45.9;0
302.0;310.6;38.6;0
303.4;311.9;42.2;0
299.5;309.3;41.5;0
298.2;307.9;23.4;0
300.7;311.0;41.9;0
301.2;311.1;39.7;0
302.5;310.4;41.9;0
300.3;309.2;31.4;0
302.4;311.1;32.3;0
299.9;309.6;51.2;0
299.8;311.3;41.2;0
298.9;310.1;53.2;0
299.0;310.6;34.2;0
299.8;310.6;31.8;0
301.7;310.2;48.1;0
301.7;311.0;44.0;0
301.5;310.7;46.7;0
296.8;307.5;36.7;0
299.1;308.7;20.3;0
302.8;312.3;42.7;0
298.2;307.8;34.5;0
299.4;309.1;45.4;0
298.0;307.6;41.8;0
300.1;309.3;45.8;0
302.2;310.6;53.2;1
302.8;310.8;39.5;0
303.9;313.1;48.3;0
300.6;311.9;41.3;0
299.0;308.8;50.7;0
298.2;308.3;49.8;0
298.3;309.0;25.9;0
300.2;311.7;48.3;0
300.2;309.8;47.4;0
298.9;310.0;27.6;0
303.8;312.9;34.6;0
297.0;307.8;37.2;0
297.1;307.9;49.1;0
298.1;308.9;39.2;0
297.2;307.9;37.2;0
300.5;311.9;44.8;0
297.6;308.6;49.0;0
298.0;308.8;36.1;0
298.2;309.0;28.0;0
302.6;311.9;49.5;0
299.4;309.2;37.4;0
300.9;310.9;66.4;0
297.5;308.5;36.4;0
300.1;311.6;51.4;0
299.6;309.2;47.7;0
301.1;312.4;25.1;0
299.2;308.4;48.4;0
297.9;309.1;43.0;0
301.8;310.9;44.6;0
299.3;309.0;46.3;0
298.2;309.3;18.7;0
300.3;309.6;31.8;0
303.3;311.8;24.5;0
298.8;309.8;46.7;0
298.3;308.2;44.3;0
303.7;312.0;11.4;1
300.3;310.3;34.1;0
300.7;311.0;49.3;0
299.2;310.3;41.3;0
301.6;310.6;36.1;0
299.6;310.8;50.4;0
300.3;311.6;56.2;0
301.9;311.2;41.8;0
298.0;307.8;60.5;0
297.4;309.4;42.2;0
302.6;311.0;39.7;0
296.9;307.9;47.1;0
298.2;308.3;33.3;0
301.1;311.2;35.3;0
298.9;309.9;54.5;0
301.3;311.1;25.4;0
303.4;312.8;35.8;0
303.7;313.0;29.0;0
300.7;312.1;41.9;0
297.6;308.6;39.7;0
297.9;308.0;36.7;0
300.3;310.3;16.8;0
297.8;308.4;38.3;0
298.9;309.8;43.1;0
300.7;311.3;37.1;0
302.2;310.8;48.3;0
302.9;311.0;36.5;0
301.7;309.9;37.7;0
300.5;309.3;51.5;1
302.4;311.8;45.7;0
300.6;310.0;34.7;0
298.7;310.2;50.3;0
302.4;310.3;52.5;1
298.8;310.1;45.4;0
302.3;311.7;18.2;0
297.4;309.1;35.9;0
300.1;311.4;35.0;0
299.3;310.7;45.5;0
300.9;310.7;41.0;0
300.3;311.8;19.6;0
299.5;310.0;35.1;0
297.1;307.9;38.3;0
302.9;312.4;33.8;0
298.9;310.1;42.9;0
302.6;312.2;45.5;0
297.4;308.6;32.8;0
304.0;313.0;15.0;0
298.5;309.6;26.9;0
301.0;310.9;21.9;0
298.9;310.0;31.2;0
299.2;310.8;30.4;0
303.6;312.8;30.8;0
298.7;309.2;45.7;0
297.5;308.9;28.1;0
301.6;310.9;31.6;0
297.7;308.9;35.1;0
300.2;311.6;41.4;0
297.8;309.4;58.7;0
298.2;308.7;60.9;0
298.2;308.1;34.7;0
300.2;309.8;59.4;0
298.6;309.0;46.0;0
301.4;310.4;37.5;0
296.9;308.1;28.8;0
300.2;309.7;43.0;0
297.2;308.4;17.3;0
298.5;308.6;36.9;0
300.2;309.2;43.4;0
303.6;312.5;31.4;0
300.1;311.5;34.7;0
300.7;311.7;40.0;0
298.9;308.9;24.9;0
301.8;311.2;52.3;0
297.4;308.3;44.0;0
299.2;310.3;47.0;0
299.1;310.6;26.0;0
297.9;307.6;52.7;0
300.6;309.4;36.4;0
297.6;309.5;32.2;0
302.1;311.2;35.1;0
296.3;307.2;51.1;0
301.2;310.9;22.3;0
302.1;310.8;37.1;0
303.0;312.3;41.4;0
299.1;308.6;36.2;0
299.3;308.9;24.8;0
303.6;312.7;32.9;0
298.7;309.8;40.3;0
297.4;308.4;57.4;0
300.7;310.8;27.7;0
302.6;310.4;42.7;0
297.4;308.7;48.0;0
300.1;309.2;42.9;0
300.0;311.5;28.3;0
297.5;308.6;33.8;0
299.3;310.8;46.9;0
299.7;310.9;40.1;0
299.3;310.6;45.7;0
297.5;309.3;49.7;0
302.4;311.1;33.9;0
299.2;308.8;52.5;0
302.6;311.0;42.8;0
301.3;310.4;32.5;0
298.4;308.2;37.6;0
299.6;310.1;29.6;0
297.6;309.1;50.0;0
302.6;310.4;66.8;1
302.5;311.9;49.4;0
298.4;307.9;21.4;0
300.5;309.8;43.9;0
298.4;308.3;42.9;0
300.7;310.8;41.2;0
303.0;311.1;37.3;0
300.7;309.7;32.7;0
298.5;309.4;21.0;0
303.6;311.8;66.8;1
300.6;309.5;40.0;0
300.5;309.7;43.3;0
299.8;311.1;47.3;0
297.0;307.6;42.4;0
298.4;309.3;35.8;0
302.2;311.6;44.3;0
299.8;309.7;34.2;0
300.7;310.7;40.4;0
299.3;308.7;54.2;0
300.5;309.9;47.9;0
302.4;311.9;43.1;0
300.9;312.1;51.7;0
303.9;313.3;35.0;0
301.6;310.1;26.3;0
300.2;311.7;41.3;0
297.6;308.6;36.9;0
300.8;310.7;42.8;0
299.9;309.6;41.7;0
302.0;310.7;17.8;0
297.4;308.5;44.9;0
299.6;309.0;48.5;0
298.8;308.9;25.0;0
298.3;308.8;27.3;0
301.4;310.5;39.9;0
299.8;309.2;44.4;0
301.3;310.9;23.9;0
303.2;311.4;19.0;0
300.7;310.2;35.9;0
299.0;310.0;57.4;0
301.2;310.0;37.6;0
300.5;311.5;37.6;0
300.4;311.9;46.7;0
301.0;311.0;37.5;0
298.2;308.9;35.2;0
301.6;310.4;39.0;0
298.7;309.8;40.9;0
300.5;311.6;45.4;0
299.4;308.6;40.5;0
298.5;308.0;51.9;0
298.5;309.7;34.0;0
300.9;310.8;48.1;0
297.6;308.7;42.3;0
297.7;308.2;25.6;0
298.7;309.7;21.7;0
304.0;313.3;54.6;0
298.3;309.1;20.3;0
302.2;311.2;49.4;0
301.1;311.2;49.4;0
303.4;312.8;35.1;0
298.1;308.5;29.6;0
299.2;308.8;37.4;0
303.8;312.6;24.9;0
297.6;308.3;39.5;0
302.2;310.8;29.7;0
301.0;311.3;35.3;0
295.3;305.8;36.2;0
297.7;308.2;53.0;0
300.2;310.4;42.9;0
300.9;312.0;56.1;0
301.3;311.1;49.2;0
302.3;310.1;49.9;0
303.6;312.3;22.3;0
298.2;309.4;45.4;0
302.7;312.4;44.5;0
300.6;312.0;40.9;0
297.0;308.1;47.6;0
302.2;311.0;34.2;0
303.3;312.5;20.6;0
302.3;310.9;19.7;0
298.0;307.7;30.8;0
299.9;309.2;30.5;0
299.8;309.5;46.7;0
300.5;311.4;41.8;0
299.5;310.1;35.2;0
299.7;311.1;32.7;0
300.5;311.3;43.4;0
299.7;309.3;25.5;0
298.9;310.1;38.0;0
303.8;313.0;23.5;0
301.2;311.5;49.5;0
300.6;311.5;38.6;0
302.2;311.2;52.8;0
299.7;309.4;29.8;0
299.8;310.0;36.0;0
299.0;310.4;31.1;0
299.8;311.1;38.1;0
297.0;307.9;47.4;0
303.0;311.2;30.4;0
303.6;313.1;38.3;0
302.4;312.0;45.5;0
302.2;311.7;31.4;0
304.3;313.5;42.0;0
299.1;310.6;28.0;0
302.6;310.4;26.3;0
297.1;308.4;44.4;0
300.8;311.4;22.2;0
302.3;311.7;38.3;0
303.5;312.7;27.3;0
297.5;309.4;39.3;0
300.5;309.6;30.6;0
301.9;311.2;49.8;0
302.0;310.8;42.7;0
299.1;309.5;39.0;0
303.8;312.7;53.6;0
304.3;313.5;12.7;0
299.0;308.9;30.6;0
298.8;309.8;44.0;0
299.2;309.0;33.7;0
298.6;309.8;45.7;0
301.4;311.1;36.3;0
299.7;310.2;36.5;0
303.7;313.0;39.9;0
300.8;310.8;35.5;0
297.0;308.3;46.4;0
299.9;311.3;40.7;0
299.3;309.2;37.5;0
296.7;308.0;36.8;0
297.3;308.3;38.5;0
302.0;309.8;40.0;0
302.4;310.3;51.2;1
300.4;309.3;39.6;0
297.1;308.0;38.8;0
300.3;311.9;34.0;0
299.9;309.4;60.9;0
298.8;309.6;34.4;0
299.3;310.4;41.6;0
300.1;309.6;52.1;0
299.0;308.6;47.8;0
303.1;312.6;32.9;0
298.6;309.9;24.9;0
299.6;309.1;37.1;0
303.3;311.3;48.1;1
297.7;308.5;41.4;0
296.7;307.7;36.8;0
299.9;309.6;49.7;0
304.0;313.1;47.1;0
299.1;308.9;48.4;0
296.3;307.2;42.0;0
300.7;309.5;43.6;0
300.8;309.4;40.7;0
298.3;308.0;42.3;0
302.6;311.1;43.0;0
301.1;311.6;43.4;0
298.8;309.8;38.8;0
297.5;309.3;33.4;0
298.3;309.3;57.0;0
300.3;309.8;40.8;0
299.6;310.1;20.4;0
297.6;309.5;20.5;0
298.5;308.8;29.6;0
300.6;309.7;42.6;0
302.4;310.1;21.2;0
301.9;310.5;40.3;0
298.1;307.8;36.7;0
301.8;310.2;40.4;0
302.3;312.0;43.3;0
297.4;309.2;45.6;0
300.9;311.6;33.5;0
302.0;309.7;62.7;1
300.3;309.1;44.3;0
299.2;308.5;60.6;0
300.6;311.7;44.6;0
299.0;310.2;40.6;0
300.9;312.0;43.8;0
303.5;311.8;23.5;0
298.3;309.2;52.1;0
300.5;309.3;33.5;0
299.0;310.1;42.8;0
300.7;309.6;34.9;0
298.0;307.7;50.8;0
300.1;309.3;27.1;0
297.4;308.2;49.7;0
298.0;308.6;33.3;0
300.2;310.3;29.4;0
302.6;311.0;35.5;0
297.6;308.6;47.1;0
304.4;313.6;38.9;0
298.0;308.8;36.5;0
298.9;308.6;49.6;0
297.4;308.3;28.9;0
299.0;310.3;46.3;0
302.7;310.7;41.9;0
298.9;308.7;41.2;0
299.3;308.8;25.2;0
297.7;308.9;28.1;0
300.3;311.8;33.7;0
298.0;308.1;44.8;0
298.0;307.5;45.5;0
301.6;309.8;33.9;0
300.8;312.2;25.7;0
298.2;308.9;32.0;0
302.5;311.5;52.7;0
299.5;309.2;41.6;0
301.2;309.9;45.5;0
298.3;309.4;27.1;0
297.4;307.9;47.7;0
299.2;308.5;45.2;0
297.9;309.9;45.0;0
302.3;311.6;49.1;0
297.3;308.1;36.0;0
296.2;306.8;31.1;0
297.7;308.4;51.9;0
298.9;310.0;33.8;0
297.4;309.3;52.4;0
301.4;310.0;29.8;0
303.1;311.2;49.2;0
297.5;308.3;42.3;0
297.5;308.7;53.0;0
298.8;309.8;49.6;0
300.6;310.8;53.2;0
299.3;309.1;24.7;0
297.7;308.1;29.1;0
301.3;310.0;32.4;0
299.3;310.7;39.2;0
302.4;311.1;24.5;0
298.1;307.9;41.8;0
299.1;310.4;46.9;0
298.4;308.2;33.0;0
298.6;308.9;58.8;0
300.6;310.1;49.9;0
298.8;308.6;34.4;0
302.4;310.2;55.8;0
298.1;307.5;43.7;0
303.0;312.2;71.3;1
300.8;309.7;39.0;0
298.9;309.1;54.9;0
303.4;311.8;18.3;0
302.3;312.0;52.2;0
302.9;312.4;49.5;0
297.3;308.8;32.7;0
300.0;309.7;37.8;0
301.1;310.0;38.0;0
300.3;311.6;41.6;0
302.2;311.3;36.1;0
300.9;310.8;34.9;0
302.6;311.0;20.7;0
297.8;307.4;36.1;0
299.2;310.5;48.7;0
295.9;306.6;50.2;0
300.3;309.8;55.0;0
299.8;309.7;28.5;0
303.4;312.3;54.8;0
300.3;311.8;37.7;0
303.7;312.7;40.2;0
297.7;309.0;41.8;0
300.8;310.2;37.7;0
300.5;310.4;37.3;0
297.3;308.4;28.9;0
298.3;308.5;33.6;0
302.7;312.2;51.4;0
302.1;310.0;38.0;0
298.3;308.5;37.1;0
300.3;311.7;28.3;0
300.6;311.7;52.6;0
299.6;309.0;51.9;0
296.6;307.6;25.1;0
302.0;310.6;38.9;0
297.5;308.5;39.9;0
300.9;311.1;61.4;0
301.0;311.6;40.6;0
297.3;308.8;42.4;0
300.8;309.8;31.1;0
297.9;307.6;29.1;0
298.1;309.3;25.2;0
296.9;307.8;52.1;0
298.2;309.1;48.5;0
298.6;309.9;30.6;0
298.3;308.5;36.1;0
300.8;312.4;25.6;0
296.8;307.9;25.2;0
304.2;313.1;31.1;0
297.6;308.6;53.4;0
299.8;309.2;42.6;0
301.1;312.3;31.9;0
298.4;309.3;47.6;0
301.5;310.6;39.0;0
298.5;308.7;48.5;0
300.5;309.9;49.3;0
302.5;310.2;50.6;1
300.5;311.9;39.4;0
297.4;308.1;53.7;0
301.1;310.8;41.0;0
299.0;310.2;41.1;0
299.4;308.9;40.5;0
300.0;311.1;47.8;0
297.4;308.4;35.8;0
299.2;308.4;38.0;0
299.5;309.4;41.5;0
297.9;307.9;43.6;0
303.5;312.0;45.1;0
299.3;308.6;37.6;0
304.0;313.1;50.9;0
298.4;308.1;46.0;0
300.6;311.8;41.4;0
301.4;310.6;46.1;0
301.4;310.7;27.8;0
300.6;309.4;63.2;1
301.3;310.3;36.3;0
300.2;311.4;20.9;0
302.4;310.9;31.8;0
299.0;310.1;41.3;0
298.9;310.1;44.3;0
300.2;310.3;40.1;0
300.5;311.3;46.3;0
301.0;311.5;39.8;0
299.1;310.1;44.4;0
299.0;310.2;44.1;0
303.6;312.6;27.9;0
302.3;311.6;34.3;0
299.1;308.8;41.0;0
300.1;310.5;44.3;0
299.3;308.5;49.4;0
302.0;310.4;32.9;0
298.6;309.4;27.5;0
301.6;310.4;49.5;0
300.6;310.6;39.6;0
302.7;312.2;34.4;0
300.1;310.1;46.6;0
302.5;311.9;34.6;0
302.2;311.4;35.1;0
302.5;310.2;30.5;0
299.4;309.3;48.4;0
303.4;311.7;42.3;0
296.4;307.4;5.6;1
301.4;310.7;27.9;0
295.6;306.2;25.8;0
303.3;311.8;30.6;0
298.9;310.0;28.8;0
298.0;309.2;28.7;0
297.4;308.3;38.3;0
303.4;312.6;37.5;0
302.7;312.1;26.5;0
298.8;309.8;33.6;0
296.8;308.0;40.4;0
303.2;311.2;31.9;0
299.8;309.4;42.5;0
302.0;310.4;29.8;0
297.4;308.4;46.2;0
300.4;309.6;34.5;0
300.8;309.9;65.3;1
300.7;310.8;39.5;0
302.6;311.8;35.1;0
300.4;311.7;42.6;0
301.1;310.2;27.7;0
301.6;310.6;40.4;0
298.6;309.1;35.7;0
299.7;309.6;50.7;0
297.4;309.2;40.4;0
302.4;310.2;53.7;0
300.0;309.3;40.7;0
297.5;308.6;38.8;0
297.2;308.0;43.7;0
299.4;309.2;42.3;0
300.9;310.9;34.0;0
300.4;309.6;35.5;0
300.7;310.5;43.1;0
303.5;311.9;39.2;0
299.7;310.9;48.2;0
297.5;308.9;48.5;0
297.2;308.6;32.1;0
302.3;311.7;36.6;0
300.7;311.9;39.7;0
296.2;307.3;29.9;0
303.8;312.7;49.3;0
296.9;308.1;48.7;0
302.2;311.4;47.2;0
302.2;311.5;38.3;0
298.2;307.8;35.0;0
298.0;307.8;22.7;0
301.0;310.4;25.0;0
297.6;308.4;31.0;0
298.1;308.7;30.3;0
303.4;311.9;38.2;0
298.9;310.1;37.3;0
302.5;311.3;47.5;0
301.5;310.8;34.5;0
297.7;308.8;40.1;0
302.1;311.3;31.5;0
303.0;311.2;37.0;0
299.8;309.8;45.2;0
297.5;309.4;34.4;0
299.2;308.8;51.4;0
299.9;309.2;51.2;0
303.3;311.8;29.4;0
300.4;309.8;32.9;0
303.1;312.3;31.6;0
301.7;310.1;50.1;0
303.0;311.3;53.6;1
302.0;310.7;42.7;0
302.3;311.4;40.3;0
300.0;309.5;28.9;0
300.9;310.7;51.6;0
296.6;307.7;52.6;0
300.9;309.7;41.4;0
298.1;307.7;12.8;1
300.4;309.7;37.7;0
297.4;308.4;32.5;0
298.6;310.2;36.3;0
297.7;308.4;51.3;0
300.5;312.0;45.1;0
304.0;312.8;42.7;0
303.0;311.2;50.5;0
303.0;311.2;44.0;0
299.6;310.1;36.8;0
298.6;309.8;41.6;0
298.2;307.8;35.9;0
300.9;310.4;18.8;0
297.2;308.6;23.6;0
299.2;308.5;26.1;0
298.2;308.4;61.0;1
298.8;309.9;53.2;0
302.0;310.6;41.0;0
300.3;311.4;51.1;0
301.8;311.0;26.7;0
298.2;307.7;21.6;0
298.7;308.6;24.7;0
299.7;309.1;40.0;0
298.0;308.6;55.7;0
299.6;309.4;30.3;0
303.9;313.3;40.7;0
297.5;308.6;45.9;0
298.9;310.2;53.0;0
296.6;307.5;35.0;0
297.0;307.9;42.2;0
302.0;311.4;35.9;0
302.1;310.1;28.9;0
297.2;307.9;40.0;0
297.1;307.8;43.9;0
303.6;311.8;34.7;0
297.4;308.7;4.2;1
298.0;307.4;46.5;0
302.5;311.5;18.8;0
300.8;311.8;21.8;0
298.4;309.2;45.2;0
302.2;310.0;43.6;0
303.5;311.7;31.0;0
297.3;308.0;29.4;0
297.3;308.2;29.4;0
299.8;309.1;39.9;0
299.1;310.5;43.1;0
299.0;310.4;53.8;1
297.0;308.3;48.1;0
302.3;310.9;28.1;0
299.5;309.0;44.6;0
301.0;311.0;38.6;0
300.7;309.5;30.5;0
298.7;310.2;47.5;0
297.1;307.9;39.8;0
300.7;310.2;24.2;0
298.1;307.8;31.2;0
302.1;310.7;47.8;1
298.7;310.2;43.7;0
299.8;311.3;25.4;0
297.2;308.3;23.8;0
297.9;307.5;23.3;0
301.4;310.5;48.4;0
297.7;309.7;35.8;0
302.2;311.1;39.6;0
300.7;310.2;32.8;0
302.3;311.7;44.5;0
302.0;309.9;51.4;0
300.2;311.4;22.6;0
296.9;307.9;56.5;0
297.2;308.3;27.5;0
302.3;311.5;49.6;0
295.6;306.2;49.9;0
303.8;312.6;41.3;0
300.2;311.6;40.8;0
303.0;311.0;41.7;0
297.4;308.7;31.9;0
301.5;310.4;21.8;0
301.7;310.9;32.5;0
299.6;310.8;46.9;0
297.4;308.8;49.4;0
299.0;310.1;19.3;0
300.3;311.1;28.6;0
302.3;311.3;30.3;0
302.0;310.9;43.2;0
302.7;311.7;25.1;0
299.2;308.5;50.4;1
300.1;310.5;44.2;0
299.1;308.3;42.4;0
298.2;309.0;57.8;0
301.7;311.1;36.7;0
298.8;308.6;41.1;0
300.0;309.9;33.4;0
301.6;310.4;44.9;0
303.7;312.7;51.8;0
296.3;307.4;28.4;0
300.1;311.4;21.9;0
300.7;312.3;53.8;0
297.3;308.8;57.4;0
299.2;310.6;41.1;0
302.3;311.8;43.2;0
302.9;312.4;36.9;0
300.3;311.5;43.8;0
298.0;307.3;46.5;0
299.6;310.2;34.1;0
301.9;310.3;32.4;0
298.3;308.4;43.1;0
300.3;311.9;31.5;0
298.8;308.6;22.5;0
303.0;312.5;33.7;0
301.4;310.6;37.4;0
298.9;308.6;18.7;0
300.3;310.7;32.3;0
302.0;310.1;45.4;1
303.4;311.7;44.1;1
300.6;309.5;39.0;0
297.5;308.0;39.0;0
300.5;309.7;29.4;0
299.2;308.8;31.1;0
303.4;311.9;44.6;0
301.8;310.1;13.9;1
300.8;311.1;33.4;0
298.2;308.9;35.5;0
298.3;308.6;38.3;0
298.0;309.0;32.4;0
297.2;308.4;26.0;0
298.8;310.1;30.7;0
299.2;308.4;43.0;0
303.5;312.7;49.1;0
301.1;311.1;21.7;0
298.4;309.6;37.8;0
300.7;310.7;43.4;0
295.7;306.2;42.5;0
298.2;309.0;43.8;0
300.6;309.9;42.4;0
297.7;307.2;52.8;0
303.8;312.8;40.0;0
300.2;309.8;55.0;0
297.8;308.5;41.9;0
296.8;307.9;28.4;0
300.6;309.4;40.6;0
300.8;309.7;27.9;0
302.2;311.5;44.5;0
297.3;308.5;44.5;0
301.6;310.7;51.8;1
301.1;312.2;54.9;0
297.3;307.9;37.5;0
300.7;310.5;38.2;0
298.8;309.7;19.0;0
296.7;307.9;29.6;0
297.7;308.9;63.7;0
300.6;309.5;34.0;0
302.2;311.1;34.6;0
300.8;311.7;45.5;0
297.3;308.1;36.9;0
302.4;310.9;41.6;0
303.4;312.2;23.5;0
298.4;308.6;36.7;0
301.0;309.7;58.4;0
300.3;309.5;49.4;0
304.0;313.3;36.7;0
297.2;307.9;35.9;0
296.9;307.8;24.6;0
297.3;308.2;34.9;0
297.0;308.4;54.6;0
299.3;308.4;37.5;1
298.2;308.2;50.2;0
301.3;311.2;42.4;0
300.5;310.6;49.6;0
297.1;308.1;44.4;0
301.6;310.6;37.5;0
301.4;311.3;15.9;0
297.8;307.3;54.0;0
301.0;312.2;28.8;0
298.2;308.8;28.2;0
300.8;312.5;50.7;0
297.6;308.3;47.0;0
298.3;309.4;29.8;0
298.4;308.7;35.0;0
300.6;311.7;43.6;0
300.7;310.5;21.0;0
298.2;308.9;31.7;0
296.9;307.5;48.3;0
297.4;309.3;53.2;0
300.9;311.3;32.7;0
299.1;310.5;27.4;0
303.5;311.7;22.3;0
300.8;311.2;31.9;0
301.5;310.9;8.0;1
300.3;311.1;46.6;0
298.9;308.7;44.9;0
302.0;311.0;22.7;0
299.2;308.9;47.2;0
301.4;310.3;29.1;0
300.8;311.2;48.7;0
300.6;310.5;41.3;0
300.1;309.4;31.6;0
301.5;310.5;15.8;0
302.5;311.6;29.5;0
302.0;310.5;60.6;1
298.9;308.9;28.7;0
300.5;311.9;49.4;0
298.1;309.9;29.1;0
296.5;307.5;41.8;0
301.3;310.0;17.8;0
301.4;310.7;34.3;0
302.1;311.3;24.4;0
295.6;306.2;61.8;0
301.5;310.6;37.4;0
299.4;309.1;44.7;0
300.1;311.3;12.5;1
300.7;310.1;52.6;0
298.4;310.2;32.0;0
297.8;307.3;26.0;0
299.3;309.0;46.5;0
296.9;308.1;45.3;0
301.7;310.8;31.6;0
299.8;310.0;37.1;0
296.9;307.6;32.0;0
297.3;308.2;41.0;0
304.1;313.1;36.3;0
298.2;308.8;44.3;0
300.7;310.6;38.0;0
301.2;309.9;50.8;0
299.7;311.0;25.4;0
299.8;309.0;36.1;0
297.0;307.7;23.8;0
302.5;312.1;47.6;0
301.6;310.4;45.4;0
302.3;311.4;37.3;0
299.0;310.0;31.9;0
300.8;310.2;46.3;0
302.0;310.4;55.6;1
297.4;309.0;22.6;0
298.7;310.2;33.3;0
301.3;309.9;39.5;0
302.5;311.9;59.8;0
299.8;309.4;45.6;0
298.7;309.9;54.7;0
299.3;310.7;48.9;0
300.6;311.7;39.2;0
298.3;309.1;58.7;0
299.0;308.7;16.6;0
296.4;307.5;38.0;0
303.5;311.6;34.2;0
303.7;312.8;33.8;0
299.1;308.8;67.5;1
301.3;311.0;41.9;0
303.0;311.2;38.0;0
298.7;309.9;38.0;0
297.3;308.3;37.0;0
300.3;311.8;41.0;0
303.3;311.4;43.4;0
302.5;312.0;29.9;0
302.3;311.4;44.1;0
298.5;309.2;33.7;0
302.6;311.5;59.8;1
301.8;311.0;41.6;0
298.6;309.7;54.0;0
297.6;308.3;28.8;0
300.6;309.6;30.0;0
302.2;310.7;36.4;0
298.3;308.1;21.5;0
302.6;312.1;39.9;0
297.4;309.0;32.0;0
300.5;310.8;46.6;0
298.9;310.0;45.3;0
300.6;309.6;50.0;0
301.7;311.0;24.8;0
301.0;310.4;46.1;0
297.6;309.6;35.8;0
301.8;310.3;32.7;0
297.5;308.9;44.7;0
304.2;313.6;43.7;0
303.4;311.8;42.7;0
298.3;308.5;52.7;0
297.9;309.0;40.2;0
298.1;307.9;55.1;0
297.5;308.2;13.8;0
298.8;309.7;44.0;0
299.1;310.2;29.6;0
302.7;310.4;42.7;0
299.0;310.1;30.1;0
298.5;309.5;40.2;0
297.7;308.8;43.7;0
301.0;311.6;35.8;0
297.5;308.6;36.0;0
300.5;310.7;33.5;0
300.6;310.6;26.2;0
300.9;311.0;51.2;0
299.2;308.4;32.6;0
300.2;310.3;52.1;0
301.6;310.1;48.2;1
300.7;310.1;50.8;0
298.0;307.6;44.4;0
299.0;310.3;39.9;0
298.4;308.7;31.7;0
303.5;312.0;56.8;0
297.3;308.1;45.7;0
298.6;308.8;39.1;0
300.0;311.3;32.1;0
300.9;311.1;40.7;0
303.1;311.3;42.7;0
300.6;309.6;37.0;0
297.9;307.5;30.8;0
303.8;312.5;25.1;0
297.8;307.5;46.9;0
295.6;306.1;62.3;0
300.6;309.9;48.8;0
300.0;309.0;31.8;0
299.4;308.7;42.7;0
301.4;310.9;38.8;0
301.4;311.0;40.6;0
298.0;308.5;46.2;0
297.5;308.7;45.0;0
298.8;309.1;40.3;0
299.9;310.1;51.4;0
301.8;309.7;45.3;1
300.6;309.7;30.4;0
299.1;309.4;24.6;0
302.3;310.2;55.4;0
298.8;309.7;58.6;0
299.7;309.3;34.2;0
298.4;309.3;27.6;0
303.4;312.8;43.9;0
301.3;311.1;30.7;0
300.7;310.6;32.6;0
301.0;309.7;39.3;0
302.2;311.4;19.2;0
302.5;311.5;36.0;0
300.5;311.6;54.8;0
298.1;308.6;30.7;0
300.4;309.8;63.1;0
299.3;309.1;53.7;0
302.7;311.8;46.1;0
297.9;309.0;13.9;0
302.4;310.2;45.9;0
300.8;311.3;40.2;0
297.7;309.3;48.9;0
298.7;310.3;40.0;0
298.7;309.6;38.5;0
300.7;311.0;36.9;0
302.4;311.8;46.6;0
298.9;310.0;45.9;0
302.3;311.7;38.6;0
302.2;310.8;47.0;0
297.7;309.0;33.2;0
297.5;308.5;44.7;0
298.3;309.2;37.6;0
303.4;311.8;45.0;0
