CENTERS:7
LABEL_DICT:{0= 'Insufficient_Weight', 1= 'Normal_Weight', 2= 'Obesity_Type_I', 3= 'Obesity_Type_II', 4= 'Obesity_Type_III', 5= 'Overweight_Level_I', 6= 'Overweight_Level_II'}
POINTS/LABELS: 
20.406871;1.755978;53.699561;3.891994;1.86393;2.870127;0
26.0;1.62495;111.00492;3.0;2.704315;0.0;4
18.0;1.85;60.0;4.0;2.0;2.0;0
21.0;1.52;42.0;1.0;1.0;0.0;0
22.0;1.75;74.0;3.0;2.0;1.0;1
18.0;1.738702;50.248677;3.0;1.283738;0.684879;0
26.684354;1.819535;118.332689;3.0;2.357969;0.704236;3
30.0;1.65;71.0;3.0;1.0;0.0;5
23.099906;1.571812;78.997166;1.0;2.0;0.402614;2
23.0;1.710129;50.079991;3.0;2.685842;0.373186;0
26.826961;1.673287;90.0;3.0;3.0;0.884935;2
18.301773;1.808765;140.292018;3.0;2.830247;1.783138;4
28.393111;1.685462;99.540122;2.301129;1.0;1.621733;3
30.242597;1.759772;118.382361;3.0;2.208068;1.07672;3
25.696073;1.662978;110.930509;3.0;1.679489;0.017804;4
23.0;1.65;80.0;3.0;2.0;0.0;6
20.520992;1.668642;124.704781;3.0;1.15635;0.786828;4
33.55336;1.699793;103.841672;2.419656;1.0;1.982379;3
26.011928;1.777251;106.452367;3.0;1.911379;1.911096;2
33.0816;1.705617;83.016968;2.7976;2.991671;2.148738;6
18.140751;1.859056;111.235188;1.706551;2.039514;1.0;2
32.593129;1.721903;72.748903;3.0;1.0;0.0;5
25.955014;1.626449;104.879602;3.0;2.094901;0.07089;4
18.0;1.792687;108.204547;2.478794;2.967064;1.0;2
21.0;1.63;51.0;1.0;1.0;1.0;1
18.549437;1.545196;72.467862;3.014808;2.0;1.997529;6
21.473078;1.694423;80.311273;2.646717;2.0;2.627515;6
18.112503;1.82773;152.720545;3.0;2.154949;1.999897;4
25.777565;1.628205;107.378702;3.0;2.506631;0.025787;4
20.242237;1.75633;54.567343;3.98525;2.654078;2.113151;0
26.0;1.65782;111.95611;3.0;2.777557;0.0;4
35.194089;1.673482;73.193589;2.809716;1.591425;0.178023;5
28.167799;1.658202;78.0;1.532833;1.931242;0.525002;6
22.0;1.64;56.0;3.0;2.0;0.0;1
19.773303;1.602082;45.0;3.0;2.875583;1.258504;0
23.76197;1.69135;114.480696;3.0;2.509535;0.334264;4
18.0;1.787733;108.019211;2.37985;2.616138;1.0;2
19.0;1.69;60.0;3.0;1.0;1.0;1
18.0;1.5;50.0;3.0;2.0;0.0;1
19.0;1.69;65.0;3.0;1.0;1.0;1
19.0;1.64;53.0;3.0;1.0;1.0;1
25.058566;1.764484;113.234349;3.0;2.038958;1.590255;3
27.0;1.85;75.0;1.0;2.0;1.0;1
19.0;1.88;79.0;3.0;3.0;3.0;1
21.142432;1.855353;86.413388;3.0;1.345298;1.097905;5
22.926352;1.715597;50.0;3.647154;1.266018;0.866045;0
30.304203;1.703202;103.0344;2.175432;1.541733;0.358709;3
33.0;1.55;55.0;1.0;3.0;2.0;1
18.0;1.6;83.0;3.0;2.0;1.0;2
22.976188;1.825718;121.236915;2.89292;1.983973;1.859667;3
23.0;1.68;70.0;3.0;2.0;2.0;1
23.0;1.59;48.0;1.0;1.0;0.0;1
21.0;1.8;73.0;3.0;2.0;3.0;1
21.0;1.62;70.0;1.0;3.0;1.0;5
17.925497;1.829142;59.933015;4.0;2.0;2.0;0
34.0;1.68;77.0;1.0;2.0;1.0;6
40.106145;1.760175;117.651046;2.976211;1.726109;0.477855;3
22.977357;1.839699;120.431551;2.938902;1.999278;1.686229;3
34.0;1.84;88.0;3.0;1.0;2.0;5
20.156664;1.620109;103.393354;1.240424;1.413218;0.165269;3
19.0;1.8;70.0;3.0;1.0;2.0;1
26.0;1.594776;110.640929;3.0;2.639816;0.0;4
31.333798;1.835381;91.059595;3.0;1.18423;0.155579;6
18.525525;1.856633;59.258372;3.304123;2.036764;2.038653;0
21.556361;1.773664;116.160329;3.0;2.0;1.399183;3
23.0;1.65;95.0;3.0;2.0;0.0;2
20.0;1.72;70.0;3.0;1.0;0.0;1
21.521294;1.803677;160.639405;3.0;2.404049;0.427905;4
19.735968;1.699956;49.98297;3.531038;1.134658;2.0;0
20.0;1.5;44.0;3.0;1.0;0.0;1
38.378056;1.67805;77.224574;3.0;1.029798;0.0;6
37.0;1.68;83.0;1.0;2.0;0.0;6
22.142432;1.59611;42.848033;2.581015;2.654702;0.902095;0
22.377998;1.699568;54.98774;3.0;2.0;0.139808;0
23.0;1.690196;75.0;3.0;2.824559;0.754599;5
25.846279;1.772731;115.828167;3.0;2.170225;1.211048;3
29.827481;1.899588;124.269251;3.0;2.822871;1.066169;3
21.0;1.63;66.0;1.0;3.0;0.0;1
26.0;1.633195;111.883747;3.0;2.619517;0.0;4
25.498751;1.885543;121.253083;3.0;2.851904;1.320065;3
24.0;1.56;60.0;3.0;2.0;0.0;1
23.096353;1.728183;97.959899;2.986172;2.364208;2.492402;2
39.825592;1.706741;108.012603;3.755976;1.0;1.860765;3
26.624342;1.690262;103.180918;1.120102;1.153286;0.216908;3
39.135634;1.507867;79.58958;3.0;1.0;0.0;2
24.184891;1.768834;97.449743;3.0;2.973729;2.491642;2
22.0;1.58;58.0;1.0;1.0;0.0;1
25.461411;1.7;78.055968;3.0;3.0;0.55181;6
29.0;1.6;56.0;3.0;1.0;0.0;1
20.0;1.67;78.0;1.0;3.0;0.0;6
26.0;1.74;80.0;3.0;2.0;2.0;5
32.516469;1.695735;102.784864;2.015675;1.0;1.977918;3
17.038222;1.710564;51.588874;2.057935;2.371015;0.288032;0
23.0;1.67;75.0;3.0;2.0;0.0;5
17.0;1.7;98.0;3.0;2.0;0.0;2
17.908114;1.793926;59.682591;4.0;2.0;2.0;0
23.0;1.7;75.0;3.0;3.0;1.0;5
21.0;1.65;88.0;1.0;3.0;2.0;2
18.0;1.8;80.0;3.0;1.0;0.0;1
29.246269;1.758038;112.395309;3.0;2.155558;0.0;3
20.975973;1.792646;105.619143;3.0;1.025275;0.00203;2
39.213399;1.586301;80.0;1.237454;1.93142;1.967973;2
26.0;1.623303;110.81746;3.0;2.673754;0.0;4
18.0;1.803527;108.251044;1.709546;2.530157;1.0;2
20.634694;1.568188;67.904023;3.0;1.131169;0.095389;6
38.547267;1.526472;75.150345;3.0;1.084442;0.0;2
18.0;1.57;50.0;3.0;1.0;0.0;1
21.572114;1.751067;133.845064;3.0;2.748569;1.427037;4
25.617227;1.628019;108.265922;3.0;1.6213;0.090917;4
23.260061;1.849003;121.414744;2.595126;2.054072;0.835271;3
22.815416;1.732694;98.44113;2.993623;2.326635;2.236586;2
21.0;1.69;63.0;1.0;1.0;0.0;1
40.317787;1.786318;98.447311;3.0;2.680292;1.549693;2
18.0;1.64;59.0;3.0;1.0;1.0;1
19.314964;1.661403;49.932199;3.0;1.530531;2.0;0
21.353237;1.709731;95.032177;2.973476;2.0;0.0;2
22.596576;1.650052;87.272552;1.2919;2.777712;0.432813;2
23.975685;1.840039;120.975489;2.849347;2.006167;1.52001;3
17.894784;1.731389;84.064875;2.843319;2.832004;1.0;6
22.0;1.7;70.0;3.0;1.0;0.0;1
25.653233;1.66494;110.92217;3.0;1.604075;0.029728;4
27.635029;1.806227;120.423567;3.0;2.565828;0.690269;3
23.252906;1.775815;97.813023;3.0;3.0;3.0;2
19.027574;1.659877;77.272652;2.812283;3.0;0.362441;6
38.0;1.75;75.0;3.0;1.0;3.0;1
33.789301;1.6811;102.523111;2.372705;1.0;1.979355;3
22.226815;1.609068;83.785312;2.735706;2.257922;2.230547;2
22.661556;1.660324;94.189167;3.0;2.0;0.0;2
20.438478;1.805803;153.149491;3.0;2.387991;0.850715;4
36.542885;1.75;119.434645;3.0;2.030084;0.592607;3
25.954995;1.592529;102.874549;3.0;1.074412;0.006265;4
23.881938;1.829971;121.04172;2.711238;2.732331;1.156024;3
16.0;1.82;71.0;3.0;2.0;2.0;1
23.246702;1.652971;93.310284;3.0;1.953152;0.104707;2
18.0;1.742819;86.565148;3.0;2.0;2.040816;6
26.0;1.641849;111.682693;3.0;2.632253;0.0;4
19.799054;1.743702;54.927529;3.28926;2.847264;1.680844;0
21.282238;1.748951;133.662583;3.0;2.247979;1.609938;4
18.0;1.5;58.0;3.0;1.0;0.0;5
18.0;1.683;90.924208;3.0;1.77962;0.743005;2
23.118327;1.677573;75.0;3.0;2.0;0.334579;5
25.472995;1.688911;78.434492;2.832018;2.456939;0.038809;6
21.376426;1.722527;50.833029;3.285167;1.569082;0.545931;0
17.188754;1.771915;55.695036;4.0;2.884033;2.0;0
23.0;1.8;60.0;3.0;3.0;0.0;1
24.408805;1.779547;118.740035;2.992903;2.045561;0.854957;3
21.011124;1.856315;118.183797;3.0;3.0;0.788585;2
23.455303;1.677672;114.470482;3.0;2.426094;0.294763;4
17.764764;1.78656;50.0;4.0;1.0;2.0;0
18.0;1.784402;108.413119;2.475444;2.655795;1.0;2
21.529439;1.592379;44.00945;1.612747;2.566629;1.190465;0
21.81119;1.71266;51.598593;3.156153;1.253803;0.544784;0
20.0;1.62;52.0;3.0;1.0;3.0;1
25.509034;1.77219;114.097656;3.0;2.089983;1.360994;3
40.0;1.56;80.0;1.0;2.0;2.0;2
16.38009;1.617124;67.913561;1.0;2.0;0.977929;5
18.0;1.751278;86.963628;3.0;2.0;1.271667;6
22.740275;1.717288;75.948164;3.0;2.0;0.0;5
17.402028;1.710756;50.0;3.300666;1.315608;0.069802;0
19.21164;1.567981;41.934368;1.0;1.676975;0.0;0
17.0;1.63;65.0;1.0;3.0;1.0;1
18.0;1.7;55.0;3.0;2.0;0.0;1
38.445148;1.556028;77.684229;3.0;1.440629;0.0;2
19.029494;1.573987;44.316254;3.0;1.015249;1.327833;0
30.003358;1.758355;112.007101;3.0;2.002871;0.0;3
23.0;1.717601;51.073918;3.0;1.426874;2.20208;0
29.622804;1.814052;109.411622;2.070033;1.796257;1.234483;2
23.0;1.75;75.0;3.0;2.0;1.0;1
18.0;1.456346;55.523481;3.0;1.040342;0.497373;5
24.0;1.5;63.0;1.0;2.0;0.0;6
19.0;1.7;64.0;3.0;3.0;3.0;1
23.0;1.76;90.0;3.0;1.0;0.0;6
25.300208;1.765258;114.330023;3.0;2.075493;1.553734;3
19.262934;1.741014;132.57927;3.0;2.436261;1.464674;4
38.683794;1.501993;76.642944;3.0;1.0;0.0;2
18.198322;1.543338;71.799982;3.087119;2.0;1.403872;6
21.02064;1.65;88.129437;1.001383;3.0;1.322558;2
30.022598;1.747739;83.314157;3.165837;1.844645;0.889963;6
26.042738;1.837117;105.712219;3.0;2.509147;2.0;2
21.0;1.62;69.0;3.0;2.0;0.0;5
19.931667;1.653209;49.026214;3.0;1.965237;2.0;0
22.906886;1.81955;120.775439;2.806341;1.967591;1.525384;3
16.910997;1.74823;49.928447;3.56544;1.491268;1.951027;0
19.726522;1.508267;61.10403;3.0;1.696691;0.94224;5
25.426457;1.836592;118.377601;3.0;2.503244;1.226019;3
21.72738;1.783782;105.000276;3.0;2.35818;0.349371;2
19.755797;1.542328;63.856193;2.762883;1.512035;0.303722;5
21.016849;1.724268;133.033523;3.0;1.650612;1.537639;4
26.945139;1.773259;118.154345;3.0;2.277937;0.68183;3
32.259623;1.703346;102.686239;1.924168;1.0;1.622055;3
18.766033;1.579561;41.890204;1.0;1.636326;0.0;0
25.612462;1.674515;112.879662;3.0;2.989389;0.36009;4
18.0;1.716691;51.149283;3.0;1.274815;0.520407;0
18.0;1.76;70.0;4.0;2.0;2.0;1
21.051107;1.753266;133.852432;3.0;2.95311;1.445148;4
40.0;1.58;63.0;3.0;2.0;3.0;5
24.825398;1.796332;120.901591;3.0;2.514872;1.664722;3
18.0;1.692242;90.019501;3.0;1.904054;1.645654;2
19.725718;1.746529;129.363771;3.0;2.250711;0.64235;4
20.406066;1.868931;63.199726;3.699594;2.825629;1.699592;0
24.201622;1.77558;120.589419;3.0;2.316069;1.804157;3
25.447208;1.65891;104.548794;1.340361;1.530508;0.174475;3
26.0;1.62439;110.008636;3.0;2.507461;0.0;4
25.991194;1.618348;104.94582;3.0;2.45126;0.043689;4
23.0;1.66;60.0;3.0;2.0;3.0;1
21.700748;1.789555;137.767787;3.0;2.832659;1.505775;4
21.012542;1.615145;68.653347;3.612941;2.043703;0.562118;5
25.785925;1.818848;87.032398;1.713762;1.797161;1.658698;5
35.0;1.78;105.0;1.0;3.0;3.0;2
21.056059;1.730113;152.094362;3.0;2.374958;0.750111;4
27.0;1.55;62.877347;1.704828;1.0;0.792929;5
21.679158;1.741393;98.182498;2.978103;2.668261;2.462269;2
19.376997;1.600264;45.0;3.0;2.949419;1.295697;0
22.088059;1.803132;106.329569;3.0;2.096751;0.544564;2
26.844812;1.69151;102.59518;1.089048;1.366238;0.181324;3
19.758286;1.667404;49.125955;3.281391;1.960131;1.513029;0
23.170309;1.707557;75.306702;3.042774;1.277636;0.944982;5
25.314589;1.787802;115.127662;3.0;2.115967;1.541072;3
24.5822;1.769933;117.708705;2.999346;2.01943;1.046878;3
20.0;1.8;114.0;3.0;2.0;0.0;3
26.0;1.633887;111.878132;3.0;2.621976;0.0;4
20.0;1.625236;74.433362;1.032887;2.397653;2.358699;6
25.036269;1.874519;121.244969;3.0;2.960088;1.356468;3
18.721041;1.775626;80.113493;2.756405;2.079131;2.931527;5
27.562425;1.908608;128.828122;3.0;1.813082;1.94984;3
31.662814;1.848965;98.912261;2.623079;2.535127;1.030752;6
22.209706;1.593847;44.050251;2.99321;2.702783;1.967234;0
25.940153;1.596813;102.320437;3.0;1.000536;0.005939;4
23.71259;1.588597;62.339003;2.656588;2.061062;1.912981;5
21.0;1.75;78.0;3.0;2.0;0.0;5
24.0;1.7;75.0;3.0;2.0;1.0;5
26.0;1.641601;111.830924;3.0;2.552388;0.0;4
23.0;1.72;70.0;3.0;2.0;3.0;1
19.478533;1.804099;85.196279;3.30846;2.078011;1.779646;5
20.0;1.67;60.0;3.0;2.0;3.0;1
37.441044;1.524293;76.202761;2.994046;1.603549;1.335857;2
22.518787;1.634342;82.414477;1.320768;2.135552;0.248034;2
22.679454;1.62826;82.967937;1.0;2.2695;0.946461;2
39.569004;1.785286;100.431625;1.792695;2.691322;2.545707;2
19.054938;1.585886;42.541794;3.0;1.0;1.461005;0
20.986834;1.677178;80.379575;2.961706;2.0;1.661556;6
25.035915;1.763101;88.532032;1.081805;2.0;0.0;6
16.172992;1.603842;65.0;1.0;2.0;0.694281;5
25.920738;1.823755;105.800158;3.0;2.151496;1.166064;2
41.0;1.8;99.0;3.0;2.0;2.0;2
23.0;1.74;105.0;3.0;2.0;1.0;2
22.0;1.75;70.0;3.0;3.0;1.0;1
21.688557;1.807029;105.696358;3.0;2.885852;0.903369;2
18.0;1.67;91.0;3.0;1.0;0.0;2
22.851834;1.854592;63.611109;3.691226;2.650989;1.228136;0
31.793937;1.65015;73.810728;2.849848;1.028538;0.675983;5
18.0;1.797523;108.316462;1.941307;2.708168;1.0;2
21.798856;1.672007;49.980968;3.0;2.975887;0.945093;0
20.0;1.81;79.0;1.0;2.0;0.0;1
21.0;1.8;75.0;3.0;1.0;2.0;1
23.384374;1.725587;82.480214;2.853676;1.526313;1.0;6
22.719385;1.746645;96.875502;3.0;2.714091;2.64102;2
23.141402;1.849307;121.658729;2.510135;1.693362;0.769709;3
16.913841;1.634832;85.803809;3.0;1.229171;2.392047;2
37.0;1.5;75.0;3.0;1.0;0.0;2
25.919241;1.611462;102.093223;3.0;1.023328;0.05093;4
20.074449;1.810427;152.217135;3.0;2.299156;1.699056;4
19.895877;1.80733;85.073801;3.0;2.734782;2.207881;5
18.04892;1.721384;99.430612;3.0;2.0;1.579431;2
29.0;1.682916;89.991671;3.0;2.11267;0.388269;2
25.921678;1.611452;102.363149;3.0;1.031701;0.03465;4
21.001969;1.736215;132.145549;3.0;1.657541;1.672639;4
17.0;1.6;59.0;3.0;2.0;1.0;1
18.0;1.67;66.0;3.0;2.0;0.0;1
25.954511;1.623514;109.980145;3.0;2.217348;0.001015;4
30.79626;1.789421;109.599453;2.282392;1.179942;1.771754;2
19.993565;1.792833;152.43563;3.0;2.365188;1.256115;4
23.0;1.87;95.0;3.0;2.0;0.0;6
22.975526;1.701986;95.0;3.0;2.02127;1.814869;2
24.05331;1.872561;121.471077;2.683061;2.640483;1.280191;3
21.008051;1.65;88.126544;1.00061;3.0;1.361533;2
23.47007;1.842906;121.142535;2.701689;2.738485;0.992253;3
26.0;1.622701;109.982692;3.0;2.688229;0.0;4
30.870724;1.670774;101.626189;3.990925;1.0;1.99975;3
17.0;1.75;57.0;3.0;2.0;0.0;1
17.082867;1.640824;43.365005;3.0;2.911187;2.595128;0
31.62638;1.666023;72.906186;3.0;1.0;0.0;5
19.149706;1.699818;78.0;2.491315;2.450069;0.0;6
26.0;1.642572;111.868169;3.0;2.623489;0.0;4
25.95774;1.62414;102.233445;3.0;1.067716;0.030541;4
21.0;1.693628;75.0;3.0;1.833055;1.0;5
40.702771;1.548403;80.0;3.0;1.326165;0.0;2
33.049121;1.708742;83.001642;1.171027;2.405172;2.300282;6
17.0;1.848294;59.409018;3.0;2.0;2.784471;0
29.509151;1.770663;112.471118;3.0;2.065817;0.0;3
38.748307;1.782067;103.586342;1.92822;2.642273;2.999918;2
26.650419;1.791047;83.26312;3.999591;2.495944;0.00342;5
19.0;1.75;58.0;3.0;2.0;2.0;1
20.803186;1.882533;117.468516;2.18162;2.325091;0.891444;2
19.434709;1.525691;42.0;1.0;1.764055;0.0;0
18.900253;1.750359;79.828725;2.228113;2.045004;1.293665;5
23.319635;1.84629;121.248035;2.695396;2.628816;0.975384;3
25.550506;1.77274;114.254278;3.0;2.128176;1.306476;3
24.657598;1.7088;83.520113;2.714115;2.279214;0.970661;6
22.675679;1.823765;96.945262;2.601675;2.469469;1.736538;6
20.0;1.58;53.5;1.0;2.0;1.0;1
21.420537;1.712473;75.0;3.0;1.362642;0.921268;5
18.424941;1.753389;54.121925;3.16645;2.278578;1.838881;0
21.708354;1.704167;50.165754;3.21043;2.765876;0.611037;0
38.692265;1.548178;62.341438;2.965494;2.868132;0.0;5
38.0;1.75;75.0;3.0;1.0;2.0;1
22.94313;1.819614;93.086419;1.240046;2.0;0.0;6
19.21638;1.812472;86.748295;3.0;2.168651;0.977998;5
37.275298;1.746055;83.282232;1.058123;2.265727;0.885633;6
21.412434;1.675562;121.639178;3.0;1.484938;0.74225;4
21.0;1.62;70.0;1.0;3.0;1.0;5
26.957645;1.780731;112.957922;3.0;2.092509;0.0;3
22.0;1.68;55.0;3.0;2.0;0.0;1
18.469086;1.741925;133.017105;3.0;2.474518;1.560261;4
22.828435;1.710415;75.142858;3.0;2.526193;0.925118;5
19.749627;1.680764;79.621463;3.0;2.0;1.194519;6
23.779235;1.553127;78.0;1.0;2.0;0.827502;2
26.0;1.622771;109.959714;3.0;2.679137;0.0;4
23.0;1.70074;81.32297;2.720642;1.5197;0.279375;6
26.0;1.9;80.0;3.0;1.0;1.0;1
18.372563;1.589829;40.202773;1.075553;1.0;0.127425;0
18.0;1.55;56.0;3.0;1.0;0.0;1
21.28253;1.761773;133.903469;3.0;2.893062;1.408177;4
16.198153;1.691007;52.629374;2.000986;2.673835;0.99295;0
17.0;1.75;70.0;3.0;1.0;3.0;1
21.344018;1.746516;144.302261;3.0;2.36651;1.247505;4
39.12631;1.562889;76.65949;3.0;1.440526;0.0;2
22.0;1.6;82.0;1.0;2.0;0.0;2
25.12791;1.668537;112.555456;3.0;2.868679;0.115369;4
18.0;1.59;40.0;1.0;1.0;0.0;0
21.0;1.55;50.0;3.0;2.0;0.0;1
18.0;1.74;64.0;3.0;2.0;0.0;1
37.056193;1.75015;118.206565;3.0;2.077704;0.598655;3
26.0;1.610225;104.936381;3.0;1.322004;0.0;4
25.696736;1.814696;107.55963;3.0;2.869439;0.181753;2
21.0;1.753578;77.97917;2.39007;1.648404;0.874643;5
22.804818;1.613119;82.636162;1.0;2.977516;0.742113;2
18.216032;1.755507;52.0;3.0;2.0;0.658894;0
20.400053;1.529724;40.343463;2.884479;1.439962;0.144627;0
22.0;1.67;50.0;3.0;3.0;2.0;0
21.052016;1.69382;99.530971;1.672751;2.0;0.0;2
26.0;1.600762;105.448264;3.0;1.031354;0.0;4
17.971786;1.754441;85.002884;3.0;2.845134;1.0;6
22.538932;1.603963;82.012637;1.014916;2.042078;1.846666;2
19.885655;1.763343;133.952675;3.0;2.835622;1.419473;4
30.605225;1.75;120.0;3.0;2.174248;1.079524;3
35.125401;1.529834;62.903938;2.105616;1.456581;0.0;5
18.0;1.806827;108.829395;1.24884;2.416213;1.0;2
16.950499;1.603501;65.0;1.0;2.0;0.736032;5
37.205173;1.667469;80.993373;2.77684;1.651548;0.0;6
22.0;1.691303;80.539;2.038373;2.0;2.70825;6
21.838323;1.758959;137.79299;3.0;2.640539;1.879818;4
18.0;1.75;85.0;3.0;3.0;1.0;6
17.0;1.58;50.0;4.0;2.0;1.0;1
25.380557;1.630379;46.062954;3.03779;2.212296;1.616882;0
20.820455;1.547066;67.473282;3.0;1.163111;1.926381;6
47.7061;1.743935;84.729197;3.0;1.146595;0.31381;6
22.0;1.65;80.0;3.0;2.0;3.0;6
19.623574;1.818226;85.833029;3.714833;2.430918;2.545931;5
23.0;1.681314;80.037202;2.9796;1.964435;0.189957;6
33.070142;1.709428;83.014033;1.044628;2.01051;2.805801;6
30.108216;1.841908;124.070717;3.0;2.66029;0.994422;3
18.603496;1.681719;90.671871;3.0;1.383831;0.130417;2
21.856301;1.87199;115.627554;2.358455;2.515765;0.98232;2
24.186273;1.794827;120.919703;2.749334;2.364849;1.141708;3
20.796266;1.796538;152.473675;3.0;2.322003;0.886602;4
22.829681;1.616085;82.582954;1.416309;2.379275;0.256323;2
19.684891;1.700627;78.048207;2.753418;2.192063;1.474937;6
21.125836;1.638085;70.0;1.0;2.115967;0.770536;5
26.0;1.583889;110.545378;3.0;2.578292;0.0;4
19.084967;1.768435;49.597765;3.725797;1.191401;2.0;0
23.0;1.82;107.0;3.0;3.0;0.0;2
19.0;1.51;45.0;4.0;1.0;3.0;1
20.027764;1.611434;103.175516;1.109956;1.430444;0.0;3
22.735328;1.723921;94.743892;3.0;2.183149;1.932386;2
31.255587;1.69308;71.927379;3.0;1.771781;0.759422;5
23.0;1.710182;50.287967;3.0;2.099863;1.63581;0
20.0;1.6;50.0;4.0;2.0;3.0;1
42.586285;1.571417;81.918809;1.326982;1.872673;1.048507;2
23.0;1.65;90.0;3.0;3.0;0.0;2
33.0;1.72;83.0;1.0;2.0;3.0;6
27.0;1.880992;99.623778;1.0;1.05668;1.516147;6
24.0;1.77;76.0;3.0;3.0;1.0;1
18.53084;1.573816;39.850137;1.717608;1.179942;0.684739;0
26.0;1.63302;111.863186;3.0;2.584305;0.0;4
17.25813;1.600184;65.0;2.298612;2.0;0.547515;5
24.291205;1.71146;113.372851;3.0;2.796894;0.382189;4
18.826782;1.746416;133.747012;3.0;2.858389;1.444382;4
25.0;1.89;75.0;3.0;2.0;3.0;1
29.0;1.69;90.0;3.0;3.0;1.0;2
30.916426;1.781139;120.794535;3.0;2.357373;0.425621;3
21.832995;1.580964;65.363941;3.0;1.077917;0.523847;5
25.934757;1.579893;102.134646;3.0;1.005864;0.02006;4
21.709159;1.658393;80.0;3.0;2.0;2.939733;6
23.0;1.75;120.0;3.0;2.0;2.0;3
21.0;1.62;70.0;1.0;3.0;1.0;5
19.724106;1.734832;50.0;4.0;1.0;1.303976;0
26.0;1.64599;111.922491;3.0;2.78678;0.0;4
20.0;1.83;85.0;3.0;3.0;3.0;5
21.704699;1.787614;137.858254;3.0;2.531456;1.980738;4
19.0;1.71;71.0;3.0;2.0;1.0;1
19.054008;1.556611;39.695295;2.217651;2.013605;2.075293;0
19.0;1.67;64.0;3.0;2.0;2.0;1
21.0285;1.742364;78.664618;1.101404;1.579207;1.153775;5
18.024744;1.617192;83.121811;3.0;1.022705;1.02569;2
21.0;1.5;42.3;1.0;2.0;3.0;1
17.065445;1.647811;49.603807;3.566082;1.438398;2.0;0
19.528936;1.817917;142.559161;3.0;2.562002;1.976427;4
26.0;1.65;60.0;4.0;2.0;2.0;1
20.871153;1.690614;129.769141;3.0;1.154698;1.71836;4
31.426573;1.848683;99.0;2.59257;2.549617;1.427233;6
33.700749;1.642971;74.803157;1.146052;1.074048;0.679935;5
17.08525;1.535618;57.259124;2.339614;1.711074;0.095517;5
27.899784;1.7;74.244004;3.0;2.0;1.722053;5
25.653233;1.65757;109.931233;3.0;1.610472;0.029728;4
20.0;1.76;55.0;4.0;3.0;2.0;0
20.0;1.6;65.0;3.0;2.0;0.0;5
18.0;1.811189;108.800964;1.250548;2.121176;1.0;2
19.0;1.8;87.0;4.0;2.0;2.0;5
30.71516;1.650189;101.141277;2.269799;1.0;1.889937;3
19.0;1.85;65.0;3.0;3.0;2.0;1
28.986237;1.758618;113.501549;3.0;2.164784;0.0;3
18.88485;1.699667;79.67793;2.157164;1.087166;0.110174;6
21.0;1.63;60.0;3.0;2.0;2.0;1
20.924956;1.752531;133.618706;3.0;2.887659;1.480919;4
22.89974;1.661715;82.595793;1.355354;2.765593;0.128342;2
21.837996;1.588046;44.236067;1.69608;2.550307;1.098862;0
25.994746;1.811602;106.042142;3.0;2.858171;1.813318;2
23.327836;1.754439;119.441207;3.0;2.0;1.917383;3
32.895637;1.783901;103.771371;1.734762;2.600238;2.113992;2
24.679807;1.7;84.687554;3.0;2.020424;0.0;6
26.0;1.644141;111.942544;3.0;2.763005;0.0;4
22.99368;1.741377;54.877111;3.0;2.009796;2.0;0
30.958051;1.906821;128.856677;3.0;1.619305;1.847802;3
21.0;1.53;65.0;3.0;1.0;0.0;6
26.0;1.643421;111.939983;3.0;2.722276;0.0;4
19.0;1.8;60.0;1.0;1.0;0.0;1
18.0;1.86;110.0;1.0;2.0;1.0;2
25.951737;1.629442;104.835346;3.0;2.225139;0.035928;4
24.0;1.6;45.0;3.0;2.0;1.0;0
23.0;1.6;78.0;1.0;2.0;1.0;2
40.50021;1.748103;108.308112;3.734323;1.0;1.628637;3
18.0;1.93;86.0;4.0;2.0;2.0;1
22.936098;1.702825;93.638318;3.0;1.746197;0.455216;2
33.0;1.83;113.0;1.0;2.0;1.0;2
26.0;1.632193;111.886611;3.0;2.617988;0.0;4
20.0;1.831357;89.652557;3.292386;3.0;2.0;5
18.0;1.56;55.0;3.0;1.0;0.0;1
25.96773;1.603404;105.031908;3.0;1.919473;0.027101;4
31.540751;1.828092;91.495718;2.698883;2.035104;0.598438;6
18.0;1.7;78.0;3.0;2.0;0.0;6
40.564513;1.748015;109.758736;3.220181;1.006643;1.15804;3
22.154854;1.481682;61.373868;2.983297;1.453626;0.32896;6
29.0;1.77;83.0;4.0;3.0;0.0;5
33.722449;1.712905;103.276087;2.040582;1.0;1.67036;3
24.417552;1.774775;117.398976;2.993634;2.028368;0.863158;3
21.618246;1.679306;75.0;3.0;1.957871;0.994592;5
23.572648;1.698346;75.0;3.0;2.0;0.345684;5
25.748627;1.66877;104.774144;3.0;1.526416;0.180158;4
22.429812;1.64037;70.0;1.0;2.069184;0.729898;5
23.172982;1.858624;88.675503;2.77684;1.278231;0.55713;5
30.553097;1.780448;88.431954;1.178708;1.791286;0.893362;6
30.722801;1.779325;120.751656;3.0;2.229145;0.350717;3
23.360307;1.610647;100.642257;1.154318;1.238057;1.1293;3
26.0;1.640606;111.036881;3.0;2.709428;0.0;4
22.276969;1.84995;121.786485;2.272214;1.555534;0.348839;3
25.523127;1.786532;114.534678;3.0;2.099687;1.281165;3
18.0;1.87;173.0;3.0;2.0;2.0;4
21.0;1.81;80.0;3.0;2.0;2.0;1
30.163408;1.533364;78.030383;1.923607;1.798917;0.0;2
25.341399;1.786997;115.025361;3.0;2.111908;1.453042;3
22.0;1.73;79.0;1.0;2.0;1.0;5
16.0;1.57;49.0;4.0;2.0;0.0;1
31.761799;1.751688;119.205308;3.0;2.133876;0.393452;3
18.0;1.670058;86.242679;3.0;1.955053;1.186013;2
17.0;1.6;53.0;3.0;1.0;2.0;1
20.0;1.61;64.0;3.0;2.0;0.0;1
17.412629;1.723191;97.350366;3.0;2.0;0.0;2
34.576714;1.73325;103.669116;2.049565;1.0;1.746583;3
25.047945;1.803207;118.332966;3.0;2.098959;1.110868;3
23.0;1.644161;84.340406;3.0;2.715572;2.230109;2
28.0;1.7;73.0;3.0;2.0;2.0;5
17.405104;1.82525;58.913579;3.887906;2.0;2.0;0
21.198217;1.743841;78.88036;1.0;2.0;2.119682;5
19.774317;1.541039;64.726948;2.669766;1.979848;0.445238;5
27.757187;1.505437;63.892071;1.0;1.278578;0.02112;6
21.030909;1.71818;133.466763;3.0;1.517215;1.486289;4
24.0;1.6;51.0;3.0;2.0;0.0;1
22.667596;1.718939;75.951472;3.0;2.0;0.0;5
19.955257;1.5891;72.713611;3.856434;2.0;1.32417;6
21.478496;1.686936;51.256059;3.179995;1.910378;0.480614;0
31.0;1.62;68.0;3.0;2.0;1.0;5
30.958957;1.633491;68.803694;3.0;1.972074;0.228307;5
19.407204;1.520862;42.0;1.0;1.848703;0.0;0
21.394047;1.792933;137.832414;3.0;2.682909;1.318743;4
36.023972;1.670667;90.575934;1.508685;2.450069;1.45473;2
26.0;1.7;70.0;3.0;1.0;0.0;1
18.535075;1.688025;45.0;3.0;3.0;2.539762;0
28.825223;1.765874;82.045045;3.98955;2.028426;0.81517;5
23.035829;1.598612;42.993937;2.812377;2.346647;1.612248;0
18.011718;1.680991;79.752916;2.521546;1.985312;0.00705;6
20.781751;1.734092;125.117633;3.0;1.54249;0.6277;4
38.112989;1.766888;118.134898;2.911568;1.895876;0.822186;3
21.106056;1.722884;92.949254;3.0;1.157395;0.0;2
29.43879;1.770126;108.602715;3.0;1.163264;1.866023;2
26.0;1.7;72.0;3.0;2.0;0.0;1
19.529746;1.751038;133.843033;3.0;2.955075;1.46046;4
18.0;1.62;50.0;3.0;1.0;0.0;1
26.0;1.629727;111.275646;3.0;2.495851;0.0;4
25.293202;1.503379;64.342459;1.0;1.639807;0.072117;6
38.0;1.64;59.8;3.0;2.0;2.0;1
25.930376;1.608808;102.083964;3.0;1.019684;0.026033;4
19.703095;1.704141;78.790936;3.0;2.0;1.73234;6
21.0;1.62;70.0;1.0;3.0;1.0;5
26.899886;1.812919;119.841446;3.0;2.730663;0.689371;3
24.0;1.66;67.0;1.0;2.0;1.0;1
18.128249;1.699437;52.08657;3.0;2.0;0.680464;0
17.0;1.53;55.0;3.0;1.0;0.0;1
18.0;1.686904;90.004046;3.0;1.997195;1.352663;2
21.0;1.75;88.0;3.0;3.0;3.0;6
27.0;1.72;88.0;1.0;2.0;0.0;6
23.712641;1.742901;132.8071;3.0;2.856795;1.046463;4
17.469417;1.798645;59.612717;4.0;2.0;2.0;0
17.0;1.74;56.0;3.0;2.0;2.0;1
23.0;1.6;83.0;3.0;3.0;3.0;2
23.0;1.75;56.0;3.0;2.0;2.0;0
39.0;1.65;50.0;4.0;2.0;0.0;0
30.520854;1.784049;120.644178;3.0;2.040952;0.838739;3
28.977792;1.7;78.0;3.0;1.507638;1.82434;6
35.432059;1.663178;80.135167;3.0;1.992548;0.039207;6
25.659092;1.84842;117.631707;3.0;2.531984;1.003294;3
30.62865;1.766975;118.363376;3.0;2.377257;0.614959;3
25.895546;1.626179;110.074019;3.0;1.967707;0.01437;4
23.32471;1.769484;96.078462;3.0;3.0;3.0;2
20.654752;1.780791;102.921218;3.0;1.613829;1.251665;2
25.311534;1.685482;113.451224;3.0;2.987718;0.387074;4
18.532826;1.75091;142.545183;3.0;2.372058;1.324805;4
23.0;1.701584;75.093569;3.205009;2.643468;0.998039;5
31.743821;1.67782;102.022057;2.371658;1.0;1.996487;3
25.950898;1.649867;104.791035;3.0;2.535629;0.152713;4
21.0;1.612556;69.463458;1.259628;3.0;1.0;5
38.952866;1.568441;62.855073;3.0;2.526775;0.271174;5
25.989938;1.644199;105.036075;3.0;2.310076;0.07115;4
33.690239;1.681842;77.426465;2.679724;1.999737;1.747347;6
34.970367;1.713348;84.722222;3.0;3.0;2.0;6
23.454558;1.754218;117.384745;3.0;2.0;1.818052;3
21.403421;1.716308;80.0;3.0;2.0;2.936551;6
18.0;1.753349;51.457226;3.0;1.773236;1.252472;0
26.0;1.641918;111.86899;3.0;2.635454;0.0;4
26.699317;1.839941;119.956651;3.0;2.795752;0.839481;3
24.0;1.7;68.0;3.0;2.0;0.0;1
20.534606;1.758372;79.469513;1.0;2.663861;2.762711;5
21.20563;1.704573;80.0;3.0;2.0;2.847761;6
20.978166;1.721057;132.054793;3.0;1.678791;1.68249;4
22.865018;1.632118;82.0;1.482103;1.911664;0.0;2
19.816949;1.806947;85.079589;3.0;2.292073;1.067817;5
37.063599;1.502609;75.279605;3.0;1.759803;0.0;2
18.297229;1.637396;70.0;1.999014;2.326165;0.00705;5
24.284861;1.776347;82.329047;3.054899;2.080968;1.107543;5
38.825189;1.780846;85.687751;1.124977;2.76382;0.8554;6
25.0;1.56;45.0;3.0;1.0;0.0;1
21.785351;1.675054;49.945233;3.0;2.792074;0.630944;0
21.455463;1.611;68.107866;3.554974;2.217957;0.97812;5
21.997335;1.65;80.0;3.0;2.0;0.527341;6
17.0;1.844749;59.313525;3.0;2.0;2.697949;0
25.95383;1.65731;90.0;3.0;3.0;0.413643;2
23.0;1.65;66.0;3.0;2.0;3.0;1
21.0;1.85;125.0;1.0;1.0;0.0;3
28.825279;1.815347;120.399758;3.0;2.530035;1.045107;3
21.0;1.7;65.0;3.0;1.0;1.0;1
31.783845;1.75;120.0;3.0;2.318134;0.582686;3
18.0;1.622241;68.250249;1.010319;1.319437;0.0;5
20.492077;1.529223;65.140408;3.0;1.207978;1.916751;6
25.0;1.87;66.0;3.0;2.0;2.0;1
22.052152;1.792527;89.994415;1.890213;2.0;0.0;6
23.0;1.8;77.0;3.0;2.0;2.0;1
19.504696;1.590317;42.367615;3.0;1.0;1.522399;0
24.469756;1.663341;113.077187;3.0;2.632224;0.300964;4
19.0;1.53;42.0;3.0;1.0;2.0;0
21.0;1.62;70.0;1.0;3.0;1.0;5
18.0;1.7;50.0;3.0;1.0;2.0;0
36.0;1.58;60.0;3.0;1.0;2.0;1
20.323767;1.774207;138.143162;3.0;2.816052;1.571865;4
19.0;1.6;60.0;3.0;2.0;0.0;1
19.0;1.5;50.0;3.0;1.0;0.0;1
21.0;1.54;49.0;1.0;2.0;2.0;1
22.329041;1.598393;44.918255;2.326233;2.306821;1.42237;0
25.512048;1.660761;104.321463;1.213431;1.448875;0.128548;3
25.999636;1.610126;102.686908;3.0;1.020313;0.108386;4
19.865895;1.76033;55.3707;4.0;2.582165;2.0;0
14.0;1.71;72.0;3.0;3.0;2.0;1
25.0;1.71;71.0;3.0;2.0;0.0;1
27.349745;1.835271;97.58826;1.338033;1.944095;1.931829;6
20.0;1.65;75.0;1.0;2.0;1.0;6
33.0;1.75;85.0;3.0;2.0;1.0;6
22.829753;1.765137;116.669906;3.0;2.0;1.112504;3
22.307413;1.605495;82.528575;2.622055;2.280555;2.052896;2
17.0;1.79;57.0;4.0;2.0;2.0;0
21.238416;1.763847;133.937873;3.0;2.836791;1.46782;4
19.084317;1.851123;61.264785;3.994588;2.548527;1.285976;0
19.0;1.61;53.8;3.0;2.0;2.0;1
18.634286;1.669354;126.088301;3.0;1.144539;0.922014;4
18.0;1.845399;60.0;4.0;2.0;2.0;0
20.31094;1.849425;85.228116;3.0;2.100112;1.17116;5
25.524336;1.668931;104.768318;3.0;1.436616;0.167086;4
26.0;1.745033;80.0;1.193589;2.0;2.0;5
22.524036;1.752206;133.689352;3.0;2.054193;1.414209;4
24.000307;1.607939;100.618239;1.311797;1.000463;0.182249;3
20.147114;1.528011;42.0;1.0;1.322669;0.0;0
21.334585;1.729045;131.529267;3.0;1.302193;1.742453;4
29.216019;1.752265;88.096062;1.894384;2.0;0.0;6
22.0;1.68;52.0;3.0;2.0;0.0;0
22.0;1.72;82.0;1.0;2.0;2.0;6
18.177882;1.821566;142.102468;3.0;2.714949;1.999773;4
17.823438;1.708406;50.0;3.45259;1.099231;0.418875;0
25.0;1.78;98.0;3.0;3.0;3.0;2
18.233541;1.792378;137.859737;3.0;2.838893;1.990317;4
40.0;1.55;62.0;3.0;3.0;0.0;5
22.997168;1.655742;82.46376;1.478334;2.677409;0.065264;2
18.0;1.7;60.0;3.0;2.0;2.0;1
20.971429;1.549311;41.557468;1.0;1.0;0.0;0
25.140074;1.829529;120.996581;3.0;3.0;1.467863;3
26.0;1.631332;111.829957;3.0;2.55975;0.0;4
19.911246;1.530248;68.85097;3.53009;1.172186;0.678943;6
17.0;1.62;69.0;1.0;2.0;1.0;5
21.0;1.72;66.5;4.0;3.0;0.0;1
18.274358;1.824655;58.621349;4.0;2.931438;2.0;0
26.0;1.624576;110.803117;3.0;2.704827;0.0;4
18.068767;1.787787;52.0;3.0;2.0;0.854337;0
21.979769;1.6;66.126964;3.0;2.046766;2.172546;5
23.501249;1.6;45.0;3.0;2.074048;1.679935;0
24.023972;1.599697;64.808022;3.0;1.549931;0.0;5
18.0;1.45;53.0;3.0;2.0;1.0;5
27.991467;1.82559;120.860386;3.0;3.0;0.691369;3
25.982113;1.627818;105.428628;3.0;1.48075;0.098043;4
26.0;1.65632;111.93301;3.0;2.774014;0.0;4
18.0;1.750097;86.372141;3.0;2.740848;1.219827;6
22.0;1.7;66.0;3.0;2.0;2.0;1
23.451595;1.670227;75.0;3.0;2.0;0.129163;5
55.24625;1.769269;80.491339;3.0;2.0;1.0;6
30.976932;1.755333;118.237782;3.0;2.06039;0.371508;3
18.367481;1.745644;133.665587;3.0;2.900857;1.508897;4
19.300435;1.739354;49.649613;3.754599;1.692112;2.0;0
43.37634;1.582523;81.919454;1.317884;1.889341;0.990642;2
20.801791;1.721476;131.042274;3.0;1.837184;1.525165;4
18.0;1.6;51.0;3.0;1.0;1.0;1
25.289428;1.686033;104.772164;3.0;1.299194;0.234303;4
23.0;1.66;60.0;1.0;1.0;1.0;1
23.237302;1.761008;97.829344;3.0;2.988771;2.429923;2
25.057878;1.763987;113.069667;3.0;2.002495;1.592795;3
22.177099;1.741353;96.738014;3.0;2.697661;2.614909;2
22.927011;1.751046;95.285898;3.0;2.530301;2.89118;2
26.0;1.639524;111.945588;3.0;2.739351;0.0;4
19.556729;1.767563;56.307019;4.0;2.358172;2.0;0
23.469538;1.507106;64.814109;3.986652;2.0;0.934286;6
26.0;1.618573;104.928643;3.0;1.698767;0.0;4
23.432227;1.754996;119.087557;3.0;2.0;1.593183;3
22.336216;1.785718;105.055686;3.0;2.524432;0.58216;2
18.729566;1.855433;112.875283;2.427137;2.574073;1.0;2
22.422674;1.70011;50.173425;3.0;2.453384;1.321624;0
21.0;1.66;62.0;3.0;2.0;1.0;1
17.807828;1.518067;55.822119;2.118153;1.075239;0.085388;5
25.0;1.61;61.0;3.0;1.0;2.0;1
24.362124;1.716677;85.261339;2.676148;2.083939;0.632164;6
22.0;1.7;66.4;3.0;2.0;0.0;1
21.963787;1.849601;122.333425;2.218285;1.340117;0.428259;3
27.931432;1.805445;119.484614;3.0;2.501808;0.94676;3
23.0;1.77433;90.0;3.0;1.002292;0.0;6
22.0;1.88;90.0;3.0;1.0;0.0;5
26.0;1.633442;111.821817;3.0;2.550672;0.0;4
20.0;1.56;45.0;3.0;2.0;1.0;1
25.722004;1.62847;107.218949;3.0;2.48707;0.067329;4
22.77789;1.661415;120.748213;3.0;1.91039;0.217455;4
21.0;1.714253;75.0;3.0;1.081597;1.0;5
18.381382;1.722547;53.783977;3.131032;2.072194;1.487987;0
21.793724;1.75463;89.068227;2.041558;2.38725;0.813917;6
25.795187;1.669039;104.593929;3.0;1.554925;0.209586;4
31.783524;1.672959;90.0;1.782109;2.210997;1.992719;2
26.0;1.622418;110.676343;3.0;2.691584;0.0;4
18.0;1.844218;109.195529;1.548407;2.191401;1.0;2
22.884722;1.622787;82.0;1.0;2.0;0.0;2
24.0;1.65;60.0;3.0;3.0;1.0;1
18.845518;1.753471;80.0;1.391778;2.64548;2.685087;5
18.063582;1.633675;82.459577;3.0;1.003636;1.000227;2
22.875223;1.624367;82.0;1.0;2.0;0.0;2
21.845025;1.613668;68.126955;3.981997;2.174248;0.920476;5
18.0;1.74;64.0;4.0;1.0;2.0;1
25.919571;1.610488;102.174953;3.0;1.032834;0.04525;4
21.849705;1.770612;133.963349;3.0;2.825629;1.399183;4
25.966504;1.63073;104.790549;3.0;2.436097;0.129178;4
29.681308;1.680058;89.994351;2.376374;2.218691;1.52184;2
21.285965;1.72692;131.335786;3.0;1.796267;1.728332;4
20.908785;1.700996;126.490236;3.0;1.242832;0.530925;4
31.484494;1.707613;82.586893;3.250467;1.367876;0.022958;6
40.973007;1.749405;109.908779;2.986637;1.015672;0.94141;3
17.0;1.72;62.0;3.0;2.0;3.0;1
23.884212;1.713825;83.952968;2.6648;1.810738;0.80989;6
18.0;1.74;86.0;3.0;2.0;3.0;6
29.883021;1.779049;112.438508;3.0;2.078297;0.0;3
20.880161;1.674327;80.0;3.0;2.0;1.66639;6
