CENTERS:2
POINTS/LABELS: 
442.2460114;253.291155;0.819738392;0.758650579;1184.04;Kecimen
406.690687;243.0324363;0.801805234;0.68412957;1121.786;Kecimen
442.2670483;266.3283177;0.798353619;0.637612812;1208.575;Kecimen
286.5405586;208.7600423;0.684989217;0.699599385;844.162;Kecimen
352.1907699;290.8275329;0.56401133;0.792771926;1073.251;Kecimen
318.125407;200.12212;0.777351277;0.658456354;881.836;Kecimen
310.1460715;176.1314494;0.823098681;0.665893562;823.796;Kecimen
332.4554716;235.429835;0.706057518;0.74359819;933.366;Kecimen
323.1896072;172.5759261;0.845498789;0.698030924;849.728;Kecimen
366.9648423;227.7716147;0.784055626;0.664375716;981.544;Kecimen
449.4545811;232.3255064;0.856042518;0.674235757;1176.305;Kecimen
301.3222176;186.9506295;0.784258452;0.697068248;818.873;Kecimen
276.6108288;201.8131355;0.683882337;0.690855598;803.748;Kecimen
338.8575454;291.3592017;0.510583813;0.772322237;1042.77;Kecimen
387.7989307;247.8581228;0.769089738;0.680181585;1084.729;Kecimen
261.5543311;167.7084908;0.767374275;0.68155052;751.413;Kecimen
403.0839752;206.4846437;0.858829168;0.75677257;1028.445;Kecimen
354.2939396;235.7524629;0.746473726;0.694998015;981.509;Kecimen
304.2844667;182.8110368;0.799406959;0.713838189;814.68;Kecimen
418.6985723;216.5960537;0.855799392;0.728075054;1061.321;Kecimen
354.1769124;252.529208;0.701160962;0.734398534;1035.501;Kecimen
330.4784385;222.4437485;0.739555027;0.723608833;928.272;Kecimen
397.1149759;268.3337727;0.737169367;0.686375085;1106.355;Kecimen
301.5077895;273.6599414;0.419753707;0.643595671;971.769;Kecimen
447.1345225;275.2161542;0.788128405;0.704057157;1181.921;Kecimen
368.2242844;263.4592554;0.698627251;0.726277372;1059.186;Kecimen
340.055218;276.0151772;0.58410581;0.778736856;1010.474;Kecimen
336.9238696;231.4656959;0.726660229;0.69858783;964.603;Kecimen
347.7500583;297.6406265;0.517134931;0.757559607;1063.868;Kecimen
358.5919148;222.9020273;0.783331958;0.744124224;982.788;Kecimen
429.770355;265.6902361;0.786009488;0.752063524;1162.877;Kecimen
307.5327392;175.085568;0.822113695;0.697444367;828.697;Kecimen
364.2307798;265.8668635;0.683510499;0.723079729;1075.792;Kecimen
350.1827545;225.8427713;0.764243075;0.746829611;972.472;Kecimen
253.8420284;235.9068241;0.369212459;0.684219059;844.312;Kecimen
249.7402266;213.5732718;0.51832833;0.743089401;784.912;Kecimen
305.298843;234.6612245;0.639696077;0.703287982;926.095;Kecimen
366.0666742;192.013274;0.851391425;0.611417674;968.729;Kecimen
405.9365937;245.9897977;0.795479241;0.721545397;1100.676;Kecimen
287.2643272;222.1858727;0.633851884;0.766377827;843.764;Kecimen
397.094114;307.2739224;0.633422315;0.75304396;1201.39;Kecimen
364.1030896;253.7969272;0.717025543;0.715484271;1036.94;Kecimen
375.2501319;262.8124219;0.713783938;0.732267077;1095.283;Kecimen
368.4062138;320.7145792;0.492086934;0.749006827;1135.662;Kecimen
436.5298989;228.2803725;0.852367489;0.631720869;1141.189;Kecimen
330.2283748;232.0553872;0.711474579;0.645103465;992.114;Kecimen
375.4472798;239.1327753;0.770923534;0.727177893;1022.568;Kecimen
260.5126753;205.8650238;0.612809911;0.824319225;790.427;Kecimen
330.0086832;181.6658648;0.834842987;0.732682771;870.387;Kecimen
311.9967579;218.0411235;0.7152614;0.675190536;902.624;Kecimen
317.6167119;183.3152147;0.816632082;0.656177905;845.786;Kecimen
508.1289326;288.9539812;0.822570794;0.681904966;1340.897;Kecimen
403.1942717;210.0732642;0.853542978;0.616981132;1030.155;Kecimen
333.2625321;177.7720961;0.845844473;0.634230657;901.102;Kecimen
478.3109708;298.630592;0.781149506;0.690092879;1298.188;Kecimen
306.8118747;203.097502;0.749538262;0.667775392;861.58;Kecimen
311.6445775;238.6419206;0.643138024;0.693625546;952.023;Kecimen
333.3813698;206.8807081;0.784164747;0.691695375;936.371;Kecimen
328.4888612;275.8888648;0.542783247;0.727023897;1039.551;Kecimen
225.629541;144.618672;0.767577386;0.678144032;619.074;Kecimen
348.5579747;246.4762569;0.707082253;0.692446491;1003.374;Kecimen
312.6013291;198.7512989;0.771855496;0.702770596;868.06;Kecimen
443.8222908;228.7576146;0.856934002;0.642192762;1157.33;Kecimen
342.5767105;245.7320369;0.696759162;0.66254095;997.989;Kecimen
373.3428463;208.1086262;0.830230914;0.665683112;990.547;Kecimen
345.9492049;221.9219567;0.767133811;0.697485902;981.517;Kecimen
332.2676409;208.6190158;0.778322762;0.674553259;912.153;Kecimen
443.5159353;258.9467393;0.811861615;0.655190643;1179.694;Kecimen
321.1271422;208.7667575;0.759843328;0.751889645;903.308;Kecimen
387.3096951;236.7511846;0.791421357;0.718536732;1069.77;Kecimen
451.5261542;280.2261534;0.784111496;0.674956111;1255.245;Kecimen
383.8002498;208.1687832;0.840127895;0.67634488;1054.198;Kecimen
379.3178462;241.8502909;0.77037364;0.697453002;1086.857;Kecimen
373.235638;237.0415232;0.772430874;0.712858926;1049.093;Kecimen
309.9772864;219.7253525;0.70536589;0.695879962;894.48;Kecimen
311.3447951;208.3178983;0.74318078;0.720863268;873.777;Kecimen
391.2043013;248.5002712;0.772332349;0.745370006;1081.339;Kecimen
293.4295802;189.4321576;0.763692969;0.725119048;814.182;Kecimen
425.0481856;233.9734424;0.834859339;0.758754595;1091.754;Kecimen
323.1525189;191.6109615;0.805244577;0.773237024;860.402;Kecimen
328.6476055;202.5088754;0.787598712;0.692470967;896.728;Kecimen
331.0863197;216.5794558;0.756366569;0.704444444;957.132;Kecimen
346.3389582;219.6843649;0.773083296;0.660287081;991.612;Kecimen
387.5169377;326.8987235;0.537014933;0.740420596;1176.6;Kecimen
396.8075663;251.9449198;0.772569894;0.703864647;1100.836;Kecimen
843.9566534;323.1905688;0.923770364;0.454188929;2253.557;Kecimen
390.707154;235.6868033;0.797566261;0.66062887;1034.183;Kecimen
267.5569406;188.7651659;0.708695988;0.697576154;755.822;Kecimen
267.5537786;173.5251032;0.761162183;0.706832223;750.909;Kecimen
301.8003982;210.4672152;0.716709132;0.698607314;867.582;Kecimen
319.0720226;217.6957013;0.731093185;0.745944749;889.626;Kecimen
325.341425;225.1150238;0.721960082;0.685736144;933.896;Kecimen
422.2791325;260.2106227;0.7875856;0.702560887;1140.684;Kecimen
361.2553722;238.2264457;0.751756706;0.756943504;989.016;Kecimen
331.4511469;206.7595988;0.781583108;0.714434188;934.547;Kecimen
269.4020207;185.7275682;0.724374455;0.737583283;769.242;Kecimen
360.0734473;282.7390316;0.619209281;0.779156886;1045.658;Kecimen
329.2425655;233.7746492;0.704163616;0.725925745;920.573;Kecimen
305.784503;202.4661938;0.74939737;0.677642591;860.548;Kecimen
342.8963104;280.1155681;0.57676457;0.731741628;1012.365;Kecimen
424.2783146;245.5074738;0.81557794;0.762382252;1114.736;Kecimen
376.1911744;199.7971077;0.847305856;0.714780201;978.85;Kecimen
309.9716571;241.3665105;0.627430162;0.710346522;911.857;Kecimen
353.1546092;204.126836;0.816029801;0.743990207;973.259;Kecimen
347.1551548;222.109478;0.768542385;0.709619286;966.329;Kecimen
319.7903082;178.6479431;0.829409642;0.677637221;842.121;Kecimen
269.3704112;239.1621656;0.460121209;0.711244478;872.289;Kecimen
343.6762094;261.9884386;0.64720992;0.698347024;1035.022;Kecimen
396.7059122;269.7628551;0.733205484;0.745434745;1115.811;Kecimen
331.5384446;253.2429662;0.645403364;0.764829716;975.425;Kecimen
393.716176;265.8146124;0.737687128;0.698270844;1187.338;Kecimen
322.5040186;176.7089727;0.836525515;0.732999603;883.973;Kecimen
328.289568;202.1603698;0.787903331;0.704805743;877.799;Kecimen
286.8713324;227.1597173;0.610712677;0.835454545;847.664;Kecimen
448.1210966;276.607844;0.786758156;0.70929382;1259.451;Kecimen
413.0345598;261.6430865;0.773771049;0.713834797;1144.973;Kecimen
410.9979193;250.2207874;0.793313932;0.749044143;1154.54;Kecimen
390.207341;294.7622385;0.65526509;0.762549046;1136.669;Kecimen
356.4260216;224.163105;0.777470812;0.690843725;1013.202;Kecimen
367.5260058;277.2241619;0.656532102;0.735114151;1075.271;Kecimen
354.9636669;254.4527709;0.697235919;0.701153379;1051.02;Kecimen
320.4425614;213.8574996;0.744715834;0.684289081;923.19;Kecimen
288.6310651;226.6304906;0.619253764;0.737442725;855.997;Kecimen
333.7034529;226.9512079;0.733120775;0.688592377;977.425;Kecimen
411.2070534;303.2324524;0.675434094;0.731331126;1223.904;Kecimen
351.8052608;198.4175196;0.825776045;0.655895281;930.627;Kecimen
326.0111541;278.1026598;0.521834977;0.76010929;993.05;Kecimen
293.5806697;243.4806344;0.558731929;0.740165631;900.109;Kecimen
299.8185828;205.2960945;0.72879271;0.720914695;861.179;Kecimen
473.2866901;238.7384529;0.863454506;0.658456829;1193.28;Kecimen
355.310549;270.7408973;0.647596035;0.766676926;1048.675;Kecimen
362.6507703;249.4037249;0.725972018;0.7461579;1003.769;Kecimen
318.0989115;197.4955028;0.783919938;0.663815575;875.174;Kecimen
313.7032602;213.6317375;0.732283957;0.695051277;893.451;Kecimen
336.1488879;204.3070754;0.794099752;0.693692051;922.011;Kecimen
354.43108;207.5949862;0.810518333;0.649981827;953.496;Kecimen
455.9715909;273.0538098;0.800869044;0.671204732;1212.667;Kecimen
368.7395425;205.7578712;0.829838749;0.630103195;998.437;Kecimen
359.5316125;193.4008772;0.842992995;0.710295439;965.068;Kecimen
461.1445532;306.899065;0.74638361;0.752397666;1252.875;Kecimen
281.4314214;224.4858963;0.603110639;0.727613045;845.128;Kecimen
348.2232313;197.7528973;0.823103652;0.731341251;938.705;Kecimen
408.940773;231.2190014;0.824810334;0.656512605;1096.751;Kecimen
308.3589121;208.8552452;0.735695738;0.723225806;851.632;Kecimen
303.5552029;199.4459327;0.753861393;0.70526284;847.792;Kecimen
393.3989966;228.722883;0.813616588;0.661674303;1066.388;Kecimen
392.6515582;246.0756721;0.779258691;0.704712179;1073.768;Kecimen
339.1147492;206.6458262;0.792887194;0.723391813;922.878;Kecimen
286.2315627;180.4373603;0.776279027;0.722972478;790.531;Kecimen
342.2503611;249.5505;0.684358117;0.759917351;993.455;Kecimen
290.5883604;203.3191422;0.714455428;0.656913967;879.832;Kecimen
336.312888;222.6097658;0.74958095;0.777295152;925.795;Kecimen
368.730119;262.4744722;0.702348195;0.740915368;1051.266;Kecimen
362.6408695;279.0908401;0.638518237;0.708897225;1071.385;Kecimen
364.2255696;269.5167915;0.672637467;0.724287614;1070.053;Kecimen
423.844374;253.809071;0.800879085;0.653494033;1153.434;Kecimen
251.1333844;235.3680757;0.348729642;0.742280362;810.195;Kecimen
344.737416;215.1097845;0.78143908;0.737582676;950.721;Kecimen
252.748198;202.2643597;0.599652719;0.663039663;791.464;Kecimen
316.841636;167.3283344;0.849173815;0.641185842;846.833;Kecimen
311.5249871;197.090849;0.774425873;0.683409393;857.776;Kecimen
301.845898;228.5166995;0.653340582;0.715746997;906.666;Kecimen
392.3626656;239.1884853;0.792700937;0.709568466;1075.279;Kecimen
463.3578718;257.9511277;0.830713904;0.710370382;1252.762;Kecimen
397.9614266;239.7987804;0.798067621;0.751833496;1101.502;Kecimen
353.0016249;219.6829418;0.782756248;0.755822747;978.631;Kecimen
325.2398678;208.9148245;0.766419171;0.728442565;928.217;Kecimen
268.1253606;199.6354013;0.667555617;0.732383622;798.515;Kecimen
436.985567;271.5787847;0.783428223;0.704122154;1183.447;Kecimen
297.2593228;194.7602777;0.755467225;0.67518458;848.487;Kecimen
411.3973639;262.9740989;0.769022556;0.686782733;1157.001;Kecimen
350.4871954;216.6793239;0.786002573;0.645498252;988.273;Kecimen
345.4854484;222.3818455;0.765295307;0.714819412;948.233;Kecimen
411.8885236;216.8939999;0.850122963;0.738242255;1097.292;Kecimen
349.2261695;191.8173343;0.835648938;0.708995359;912.259;Kecimen
394.2783917;253.21136;0.766524847;0.671900035;1127.409;Kecimen
382.2899916;288.7584072;0.655334662;0.776944987;1139.446;Kecimen
297.6969009;226.2519485;0.649914023;0.756163594;862.778;Kecimen
251.8477358;208.4681478;0.561090145;0.70757157;777.663;Kecimen
306.5739068;204.2806212;0.745653394;0.740127679;848.422;Kecimen
441.224088;255.6622254;0.815015963;0.708726586;1176.287;Kecimen
373.9240984;233.2332051;0.781628075;0.736994471;1024.993;Kecimen
333.0124213;247.8885463;0.66775371;0.756999834;953.445;Kecimen
333.7059198;169.3095334;0.861733321;0.677934111;867.446;Kecimen
381.3486543;273.8100991;0.696038327;0.711719732;1057.448;Kecimen
296.5221609;188.1957136;0.772777753;0.696283865;817.41;Kecimen
280.7576527;166.5935504;0.804928834;0.812265444;747.161;Kecimen
316.4840294;234.2836291;0.672309707;0.712711069;906.829;Kecimen
372.8219867;237.6598183;0.770481865;0.721042955;1015.771;Kecimen
421.1618485;241.6404129;0.819032478;0.753436549;1102.423;Kecimen
401.9300875;249.8313709;0.783351347;0.757992637;1059.644;Kecimen
384.9699031;289.4539006;0.659291894;0.727896163;1094.59;Kecimen
232.4278475;208.1520065;0.44495009;0.794371379;734.102;Kecimen
441.9342925;231.7175312;0.851517765;0.738448432;1120.963;Kecimen
307.7069822;186.0924236;0.796399015;0.633605969;820.714;Kecimen
392.9101168;284.1790677;0.690568105;0.73824584;1122.16;Kecimen
373.8031053;237.1945766;0.77288661;0.706155633;1001.236;Kecimen
350.1278744;315.7195205;0.432307345;0.785886818;1070.062;Kecimen
337.0434753;231.8092351;0.725926293;0.683711081;966.438;Kecimen
336.5840696;227.9495391;0.735758503;0.700286801;916.044;Kecimen
334.8459883;243.2364806;0.687258427;0.735317295;945.523;Kecimen
333.7476396;243.540245;0.683752754;0.673137894;958.627;Kecimen
391.227169;245.5420203;0.778519786;0.686113099;1063.377;Kecimen
401.072302;235.8289934;0.808863683;0.740115679;1050.909;Kecimen
344.9045201;249.0897821;0.691685086;0.703014672;1001.714;Kecimen
379.9250258;252.6171178;0.746920746;0.735392657;1040.788;Kecimen
274.4450783;180.9575592;0.751829118;0.696593309;762.439;Kecimen
339.7334965;234.0242375;0.724907214;0.705612526;975.553;Kecimen
259.4226253;198.4655312;0.643997206;0.733384022;763.979;Kecimen
301.7807071;212.326943;0.710615819;0.779294866;834.328;Kecimen
294.7482868;217.913109;0.673354968;0.658811365;869.795;Kecimen
343.7885277;177.1367946;0.857040355;0.61463255;891.528;Kecimen
372.6991236;196.9761351;0.848925537;0.769151222;949.936;Kecimen
347.3439411;218.1227905;0.778234722;0.704257176;944.879;Kecimen
321.8844382;206.1461473;0.768012151;0.742600897;898.546;Kecimen
324.5569613;247.707867;0.646140518;0.716062129;947.541;Kecimen
331.0510122;189.9172045;0.819079815;0.625615;883.044;Kecimen
376.6624701;221.6551009;0.808518015;0.654744466;1057.897;Kecimen
414.7180727;229.5557698;0.832834246;0.679771405;1131.096;Kecimen
290.458237;219.4182435;0.65523977;0.711033729;869.188;Kecimen
291.1972864;203.0202207;0.716885111;0.648829289;875.764;Kecimen
371.3536275;226.9099341;0.79160385;0.67011755;1048.186;Kecimen
293.408498;247.7165958;0.535914821;0.778285573;904.508;Kecimen
438.6343535;275.5829735;0.777991385;0.687069934;1198.259;Kecimen
398.326553;265.4181085;0.74565434;0.663072689;1113.144;Kecimen
406.9762258;255.2178271;0.778932753;0.708385459;1110.378;Kecimen
446.4304557;260.3787541;0.812295614;0.656529107;1216.535;Kecimen
374.4662312;227.5389974;0.794215984;0.714438491;1020.029;Kecimen
340.9827093;289.15047;0.530009681;0.741100324;1065.191;Kecimen
383.9821631;258.1339883;0.740319531;0.745202952;1056.74;Kecimen
344.2908319;204.4966891;0.804490914;0.688495238;931.43;Kecimen
283.5042387;242.1139544;0.520265279;0.737749216;895.745;Kecimen
441.5288902;248.3743168;0.826775225;0.687577266;1169.983;Kecimen
264.5151675;168.9830565;0.769339036;0.664187423;750.365;Kecimen
302.3473906;213.3645111;0.708517498;0.650107229;877.43;Kecimen
243.0382802;210.1140569;0.502579995;0.779432833;737.468;Kecimen
264.9672544;225.842499;0.52298617;0.759090614;799.991;Kecimen
358.3657191;189.2067438;0.849262336;0.703402763;929.471;Kecimen
310.6748925;178.3232873;0.818864551;0.572669696;870.063;Kecimen
294.624132;197.5565774;0.741875489;0.647425443;849.225;Kecimen
317.3482375;211.0255917;0.746874181;0.710051367;895.04;Kecimen
323.8592139;175.1857446;0.841066464;0.649275753;877.02;Kecimen
331.3506586;213.1674456;0.765589944;0.673221768;931.117;Kecimen
368.6379093;209.1269246;0.823513752;0.755157975;968.36;Kecimen
380.3703785;288.2561589;0.652451831;0.762151543;1094.576;Kecimen
313.3863101;232.2824399;0.671282476;0.711769781;929.115;Kecimen
300.0971584;201.2063136;0.741936124;0.628971988;907.025;Kecimen
333.9700499;222.2744566;0.746351424;0.688668657;926.255;Kecimen
352.3686704;227.8641444;0.762774955;0.650566038;1004.245;Kecimen
305.3972558;212.2734472;0.718938975;0.687507692;868.951;Kecimen
362.1373458;277.0098428;0.644113015;0.732483472;1110.44;Kecimen
259.8962651;225.6562198;0.496118267;0.741286253;813.276;Kecimen
283.987539;175.4205147;0.786409924;0.760436395;770.59;Kecimen
246.7636115;212.635393;0.507423663;0.646827284;793.005;Kecimen
416.7127171;230.5595405;0.832994182;0.706459362;1095.055;Kecimen
296.7883761;184.1913772;0.784115281;0.691330839;804.559;Kecimen
369.3997455;213.6196205;0.81583235;0.786776754;966.493;Kecimen
300.906335;185.8512318;0.786462407;0.670082721;802.261;Kecimen
346.0510824;275.5139073;0.605079015;0.73124602;1050.012;Kecimen
289.2593164;179.2233834;0.784922337;0.722204347;761.949;Kecimen
348.2887882;232.8200404;0.743740567;0.705620699;979.447;Kecimen
296.8792842;212.0277194;0.699953594;0.69527897;860.58;Kecimen
271.6466724;205.1640687;0.655424446;0.754021912;785.843;Kecimen
327.1109948;199.5409197;0.792393852;0.766294481;875.267;Kecimen
349.0264129;226.8031;0.760091178;0.718720657;974.079;Kecimen
395.1000971;256.9649659;0.759609525;0.678446719;1092.709;Kecimen
367.4839462;205.0210803;0.829904913;0.757476883;945.191;Kecimen
388.4547229;224.7316909;0.815662968;0.746130132;1042.257;Kecimen
394.3975005;203.1386868;0.857153654;0.740084919;1004.349;Kecimen
397.3381636;234.8282406;0.806669001;0.690650883;1037.399;Kecimen
300.9544323;234.38957;0.627246499;0.75133953;893.644;Kecimen
452.7756953;245.2199818;0.840641076;0.622017819;1179.024;Kecimen
466.249387;250.1043018;0.843952802;0.752003469;1180.478;Kecimen
383.1890177;233.3566734;0.793181118;0.697810444;1030.869;Kecimen
304.1003495;191.2982735;0.777354334;0.648741706;884.495;Kecimen
227.2937917;191.1090383;0.54134302;0.792998657;699.415;Kecimen
388.6927274;257.5462902;0.748976897;0.72693048;1112.212;Kecimen
393.214664;212.9548238;0.840653105;0.77052354;1014.789;Kecimen
280.1490165;200.2718741;0.699251006;0.673127962;840.167;Kecimen
380.7191934;267.0341186;0.712773879;0.73159735;1075.307;Kecimen
320.8119081;235.3860453;0.679452185;0.690364202;927.048;Kecimen
349.1971378;251.6796378;0.693207597;0.655261122;1032.358;Kecimen
308.2324435;227.2577315;0.67557273;0.73819523;887.109;Kecimen
408.8096881;245.4408089;0.799715505;0.684273038;1099.512;Kecimen
401.7420402;231.5372369;0.817214876;0.709103722;1055.302;Kecimen
324.2950626;230.9972581;0.70186924;0.721190282;940.22;Kecimen
409.486907;292.9160989;0.698792225;0.767668921;1174.166;Kecimen
381.1754896;230.0560205;0.79733001;0.65970447;1050.867;Kecimen
411.6968203;231.7495984;0.826515979;0.679453706;1071.612;Kecimen
324.3616267;242.2285019;0.665065172;0.721542781;941.486;Kecimen
722.8539172;311.3413551;0.902489762;0.529774048;2098.263;Kecimen
381.2139503;218.2168451;0.81995626;0.644356396;1002.035;Kecimen
376.6504925;249.5294544;0.749065428;0.777794531;1050.221;Kecimen
421.0948928;248.0867654;0.808025921;0.713728344;1148.651;Kecimen
373.1976471;243.8811053;0.756934744;0.690789927;1024.256;Kecimen
352.011403;250.8148535;0.701652699;0.703439853;978.434;Kecimen
297.7657247;241.9344257;0.582962247;0.727739018;915.496;Kecimen
292.8989067;248.4080201;0.529833692;0.725273711;921.613;Kecimen
440.3896311;306.1052886;0.718934015;0.714616222;1228.366;Kecimen
257.6418527;181.1570788;0.71105609;0.694480769;737.637;Kecimen
408.9260276;273.8879417;0.742565182;0.703574648;1120.019;Kecimen
314.4309771;236.183035;0.660138051;0.732865767;903.769;Kecimen
368.4507096;243.9751621;0.749358072;0.676723637;1040.716;Kecimen
404.3163937;258.8920062;0.768107985;0.725472034;1103.153;Kecimen
339.5850181;234.6979363;0.722728935;0.712041464;970.754;Kecimen
376.1885565;210.6115221;0.82858974;0.632188028;989.499;Kecimen
421.1693384;191.1698622;0.891051301;0.786145031;1018.553;Kecimen
340.8169568;204.432884;0.800126045;0.683504044;915.939;Kecimen
353.1098719;243.0010336;0.725545687;0.76069161;972.971;Kecimen
270.5553766;220.1186723;0.581451809;0.686071949;833.117;Kecimen
362.6681085;209.5097184;0.81625629;0.732782609;950.717;Kecimen
359.3755027;161.7023657;0.893051844;0.644743975;901.17;Kecimen
344.309794;242.6836332;0.709365401;0.769218037;948.889;Kecimen
291.0010917;170.7762667;0.809690001;0.780883243;769.691;Kecimen
368.7863065;221.2409483;0.800062704;0.663844642;977.085;Kecimen
306.3041431;196.6171927;0.766786821;0.637631572;843.96;Kecimen
280.3131243;254.6003304;0.418381972;0.730654294;875.659;Kecimen
265.0402262;184.8022541;0.716817189;0.682497943;754.022;Kecimen
323.1877163;261.0119111;0.589707296;0.738719809;944.713;Kecimen
330.0249642;221.9197863;0.740157695;0.716762355;919.044;Kecimen
376.3751871;208.7278098;0.832134559;0.63947956;998.47;Kecimen
317.1723252;222.7534529;0.711870752;0.714254241;909.604;Kecimen
278.5021961;216.7666389;0.627855296;0.714070801;854.724;Kecimen
380.4147762;244.0280812;0.767140615;0.720924428;1048.486;Kecimen
365.3190043;230.5255523;0.775762211;0.697943308;989.581;Kecimen
267.7377387;170.8372462;0.769972704;0.669480333;754.366;Kecimen
373.4424261;264.474304;0.706005483;0.731251436;1074.702;Kecimen
338.5866405;257.3438202;0.649860993;0.757604541;1006.22;Kecimen
351.396481;209.8812282;0.80203462;0.699832704;940.413;Kecimen
404.5731673;252.0663638;0.782187815;0.72851683;1100.85;Kecimen
368.3727265;198.7746557;0.841920242;0.634965144;973.599;Kecimen
352.5027525;194.9811366;0.833092526;0.691175711;921.762;Kecimen
356.4633214;212.119231;0.803676777;0.784413741;970.932;Kecimen
339.6034558;227.7259242;0.741851492;0.726680161;946.487;Kecimen
334.4176092;282.6808891;0.534302927;0.706179792;1052.159;Kecimen
340.4047822;204.3355331;0.799795765;0.817388614;928.274;Kecimen
385.3917044;230.7152076;0.801009823;0.6593012;1026.686;Kecimen
421.8829433;254.3101831;0.797893855;0.70994898;1168.247;Kecimen
430.8651894;229.2867182;0.846647455;0.665346888;1140.399;Kecimen
328.5871474;173.3469657;0.849522441;0.638466441;867.003;Kecimen
271.6656922;189.484632;0.716592623;0.724282537;781.97;Kecimen
418.5556402;274.9231996;0.754031829;0.738675293;1196.03;Kecimen
352.4413648;210.0642098;0.80296515;0.647718841;934.684;Kecimen
348.8811561;245.9761755;0.709164675;0.740815867;1036.517;Kecimen
362.7413898;247.0913226;0.732118179;0.722542219;1010.809;Kecimen
422.0984896;237.6386774;0.82646137;0.705085125;1114.88;Kecimen
310.7243688;192.9038367;0.783953309;0.655278582;850.782;Kecimen
364.7840178;218.5661729;0.800624837;0.687300355;981.059;Kecimen
444.6108356;253.2065911;0.82199021;0.716220548;1189.483;Kecimen
418.4081341;207.825511;0.867919298;0.691026582;1073.138;Kecimen
310.6056284;204.6545873;0.752240304;0.760809215;855.392;Kecimen
412.7569409;275.2848499;0.74510983;0.717962253;1141.296;Kecimen
277.3532801;216.2720505;0.626064816;0.761653373;820.106;Kecimen
350.9683575;195.8674449;0.82978902;0.732663025;930.619;Kecimen
377.616572;272.6713449;0.691804118;0.725486822;1084.306;Kecimen
364.7445188;248.7961897;0.731248797;0.693937827;1024.207;Kecimen
290.7535562;258.3843539;0.458544698;0.774756149;908.357;Kecimen
400.5028283;197.7035112;0.869667343;0.701161946;1026.109;Kecimen
395.2097616;254.3765834;0.765320366;0.703003457;1097.299;Kecimen
372.4843101;224.0094059;0.798953455;0.676634437;1008.276;Kecimen
332.2648929;190.3513649;0.81963199;0.66134168;928.016;Kecimen
285.4020871;220.8199013;0.633533709;0.714770872;841.666;Kecimen
364.5828035;228.8007673;0.778561165;0.655845605;995.692;Kecimen
460.6704313;287.9931727;0.780495845;0.726967785;1230.233;Kecimen
359.2726917;263.3333902;0.680269105;0.754739312;1017.749;Kecimen
296.4930361;206.2251984;0.718479434;0.721187789;840.545;Kecimen
341.6460576;258.3928669;0.654204824;0.75184561;989.917;Kecimen
319.1919279;230.7099964;0.691063598;0.718647085;916.396;Kecimen
390.4129792;282.2148203;0.690992119;0.733663131;1106.033;Kecimen
334.588138;219.1856198;0.755550137;0.685666764;941.429;Kecimen
264.4163841;157.9904179;0.801864322;0.681117902;713.775;Kecimen
356.2592463;256.4883397;0.694027404;0.742975069;1011.054;Kecimen
365.8369921;307.9116981;0.54000213;0.711009953;1099.568;Kecimen
419.7533709;306.9548981;0.682083382;0.752578628;1202.369;Kecimen
370.5036219;231.5511993;0.78065406;0.742390035;1006.028;Kecimen
326.2987214;264.4148773;0.585951613;0.676864225;998.793;Kecimen
362.0635747;256.3830246;0.70609608;0.650222613;1033.87;Kecimen
272.9372082;181.8567206;0.745688178;0.716030818;757.295;Kecimen
368.074061;189.8138686;0.856772375;0.603678181;943.599;Kecimen
413.4963654;246.4047067;0.803054658;0.655148423;1113.607;Kecimen
400.4656882;265.928797;0.747689152;0.718458106;1112.784;Kecimen
262.3470571;155.0257428;0.806731223;0.613910617;718.847;Kecimen
245.7557814;143.7108718;0.811198369;0.693487281;678.815;Kecimen
358.1989179;240.7826944;0.740366108;0.697662517;1006.375;Kecimen
388.8073993;250.6960737;0.764366384;0.73744195;1065.68;Kecimen
297.8913729;201.5349368;0.736407405;0.721307939;836.109;Kecimen
382.3576865;218.8887484;0.819924857;0.764336518;1018.353;Kecimen
392.4932707;216.8275716;0.833555048;0.664193878;1079.752;Kecimen
363.5065315;249.5814954;0.727040805;0.725744843;1079.973;Kecimen
393.6167673;209.630823;0.846382218;0.767873412;1014.268;Kecimen
319.0820631;202.2364946;0.773491106;0.677975097;907.423;Kecimen
394.340189;264.5790871;0.74151054;0.668021782;1120.777;Kecimen
330.7474868;200.9579393;0.794252979;0.72541099;894.039;Kecimen
393.251665;209.1461847;0.846846105;0.66740908;1047.037;Kecimen
435.5508797;262.0614475;0.798738633;0.713846277;1176.657;Kecimen
264.687187;156.3955455;0.806767261;0.658393331;727.561;Kecimen
433.6712228;222.9994167;0.857662466;0.723184154;1103.236;Kecimen
397.902945;235.5598942;0.805935469;0.746867425;1073.916;Kecimen
424.8227093;253.171548;0.803024243;0.648281256;1163.528;Kecimen
353.1242534;247.3352308;0.713731082;0.729512956;983.385;Kecimen
338.4814606;193.0052021;0.821499608;0.656552752;909.681;Kecimen
296.6559478;171.2081645;0.816654393;0.619968504;798.546;Kecimen
350.0425817;189.765438;0.840300429;0.660997732;897.111;Kecimen
433.7681595;270.2860947;0.782132713;0.692924564;1165.084;Kecimen
398.8445645;254.1729295;0.770638009;0.705007428;1074.108;Kecimen
328.9180154;198.2839196;0.797864438;0.681695537;897.796;Kecimen
354.0975248;238.5102532;0.739121421;0.762676056;971.938;Kecimen
391.8675067;239.6017637;0.791294159;0.689966401;1046.52;Kecimen
428.1169055;249.3908796;0.812809305;0.742458211;1130.673;Kecimen
452.8630128;297.0241867;0.754864415;0.726297937;1254.861;Kecimen
350.8999545;219.4898675;0.780219721;0.713052833;979.727;Kecimen
407.6686396;241.3995271;0.805830387;0.731227487;1068.375;Kecimen
344.9801825;215.4342255;0.781038479;0.693394176;935.816;Kecimen
336.021702;210.4280656;0.779635513;0.750401546;910.837;Kecimen
284.3301121;170.5330024;0.800171576;0.721173923;761.131;Kecimen
338.3209626;220.464395;0.758526041;0.738172941;915.379;Kecimen
254.47223;171.0010504;0.740566437;0.788048575;719.935;Kecimen
330.8992812;186.2529038;0.82654621;0.680708836;873.837;Kecimen
387.6741043;236.8736053;0.791621183;0.701677879;1038.741;Kecimen
401.6681425;269.6684468;0.741121199;0.751028843;1118.999;Kecimen
367.1703365;300.7939859;0.573476639;0.748622661;1080.007;Kecimen
431.3669658;272.751395;0.7747273;0.625024255;1179.374;Kecimen
251.7422462;178.341115;0.705783651;0.749399624;713.94;Kecimen
274.0659935;185.4112735;0.736423765;0.712562139;772.501;Kecimen
281.8248824;192.6741159;0.729794954;0.682773386;782.362;Kecimen
405.9151667;272.0833254;0.742093815;0.714817957;1104.717;Kecimen
343.9347569;213.1333342;0.784845746;0.659853078;931.451;Kecimen
280.1124767;185.1922062;0.750266822;0.733007733;766.531;Kecimen
329.9357423;187.0417222;0.823784218;0.745108064;858.386;Kecimen
349.011262;247.6902693;0.704512743;0.745026085;997.276;Kecimen
350.2854586;214.8024505;0.789911277;0.674039717;939.149;Kecimen
355.3995375;214.5674661;0.797184383;0.657557931;962.708;Kecimen
375.2796881;205.4140518;0.836895588;0.736289139;971.185;Kecimen
402.5264818;241.2834392;0.800432782;0.726470473;1080.034;Kecimen
407.5658564;200.2610472;0.870957281;0.7229673;1023.064;Kecimen
245.4012948;150.2455819;0.790668532;0.622292797;683.004;Kecimen
395.3686671;258.275952;0.757139293;0.71950598;1114.488;Kecimen
414.1071647;266.9075277;0.764572839;0.718740092;1146.164;Kecimen
449.409264;239.614078;0.846004564;0.700769491;1148.363;Kecimen
387.7628358;325.7371661;0.54252098;0.729864528;1193.908;Kecimen
313.479956;218.6686172;0.716534018;0.728432118;882.669;Kecimen
335.2416873;243.9723903;0.685841703;0.704603994;977.095;Kecimen
325.1886359;231.9557989;0.700862765;0.700500144;966.758;Kecimen
381.6717342;231.5281935;0.794994961;0.679310549;1067.692;Kecimen
360.0234655;243.2719738;0.737166231;0.678319442;1035.277;Kecimen
323.1744104;246.2883243;0.647469874;0.707449022;997.264;Kecimen
396.4868571;280.2454497;0.70739191;0.742231578;1154.562;Kecimen
383.5712334;201.3818552;0.851091037;0.684081829;1043.187;Kecimen
354.2355512;182.3120807;0.857392304;0.623352166;961.439;Kecimen
259.2088782;210.3507977;0.584337455;0.729700613;801.526;Kecimen
649.541485;273.2602815;0.907201118;0.731637667;1590.354;Besni
533.2928563;288.5583194;0.840966033;0.730067672;1432.006;Besni
487.1782819;251.960243;0.855874944;0.722782014;1276.807;Besni
446.7052035;278.325498;0.782171631;0.706597603;1216.979;Besni
403.7012948;209.3658885;0.855007371;0.597392869;1083.477;Besni
585.9280742;337.5992453;0.817323783;0.7216;1530.315;Besni
600.7662711;288.3849296;0.877252896;0.74243622;1497.515;Besni
528.4003254;272.7787203;0.856447002;0.614705496;1366.74;Besni
439.9605034;371.0262137;0.537416298;0.698250157;1373.537;Besni
507.3808994;233.1538498;0.8881652;0.491002009;1367.331;Besni
508.7478956;270.4624159;0.84698069;0.632908552;1325.947;Besni
449.5559014;187.1223778;0.909255569;0.63426911;1177.714;Besni
659.4426082;249.5447658;0.925634934;0.73666198;1552.54;Besni
323.5892546;180.0697373;0.830863512;0.830632225;836.625;Besni
612.7444115;250.9269903;0.912304144;0.615745148;1486.769;Besni
402.3102017;217.0587358;0.841965878;0.70311297;1051.553;Besni
559.5992129;228.6417533;0.912721946;0.573452572;1383.647;Besni
740.1087099;320.58783;0.901315524;0.645353264;1791.568;Besni
656.0993813;328.486879;0.865640348;0.681538723;1685.283;Besni
755.0129141;335.7904519;0.895655767;0.728769116;1893.414;Besni
418.9978869;205.7561847;0.871121605;0.66625485;1075.404;Besni
471.8135294;326.5463364;0.721793107;0.723886976;1322.814;Besni
485.1026458;286.0331908;0.807670301;0.707906277;1305.144;Besni
613.8737446;328.3133366;0.844964592;0.641322804;1604.103;Besni
440.8337404;245.3818805;0.830759616;0.657162126;1170.091;Besni
619.9584724;366.7632399;0.806236591;0.683219376;1652.694;Besni
530.3040552;309.1215157;0.812534049;0.679096353;1423.997;Besni
455.6058765;311.1711176;0.730434168;0.686944665;1306.577;Besni
572.8016018;289.0221686;0.863367048;0.604408842;1446.923;Besni
636.7524368;403.7193275;0.773309506;0.613785469;1870.28;Besni
604.1144233;292.0960638;0.875338198;0.60152231;1529.79;Besni
365.8032415;267.5827815;0.681848156;0.67995405;1087.034;Besni
488.4888558;305.090778;0.780976537;0.742643053;1351.422;Besni
374.7201638;324.3025616;0.500990716;0.747599585;1190.813;Besni
536.606993;369.2864544;0.725532478;0.739083641;1582.146;Besni
437.0139693;250.8926087;0.818780557;0.723343769;1182.575;Besni
464.3323636;295.3167921;0.771686556;0.729683725;1306.455;Besni
984.0454912;367.2795321;0.927737116;0.507352075;2697.753;Besni
507.1433962;226.2166152;0.895002832;0.738386349;1262.578;Besni
465.1014658;230.9042314;0.868059652;0.609222133;1199.017;Besni
531.3732054;412.3828168;0.630646744;0.70191488;1559.214;Besni
419.9536962;238.8394659;0.822525594;0.668994838;1131.54;Besni
457.5698723;283.6112797;0.784743459;0.673788505;1269.066;Besni
424.472024;223.232633;0.850542335;0.683852617;1117.107;Besni
457.5464724;235.0998706;0.857893642;0.711227443;1159.779;Besni
588.0092142;321.6079813;0.83716934;0.695421481;1535.287;Besni
559.2667826;264.028685;0.881546115;0.627862764;1394.088;Besni
424.7637094;228.8458259;0.842459099;0.685461187;1130.395;Besni
612.665318;251.8328267;0.911615194;0.526259635;1480.951;Besni
480.7789636;267.6688956;0.830686786;0.639614136;1289.209;Besni
469.2765081;397.3101898;0.532159522;0.750260314;1422.014;Besni
660.3641751;322.620924;0.872535895;0.757757749;1654.986;Besni
400.4139594;231.6201421;0.815716625;0.642461908;1101.879;Besni
575.6823646;316.6212427;0.835169296;0.659151906;1507.939;Besni
514.4361539;221.4448377;0.902609051;0.555157323;1277.388;Besni
515.3952494;259.1942281;0.864342392;0.573241751;1331.797;Besni
997.2919406;271.8723954;0.96212444;0.379856115;2303.69;Besni
675.0983445;395.5792906;0.810341407;0.771748314;1755.167;Besni
641.5097389;265.3139704;0.910468935;0.582496357;1544.712;Besni
719.5058781;301.5651259;0.907927113;0.716926627;1781.378;Besni
450.8275297;237.2089894;0.850383428;0.583107877;1192.014;Besni
457.9252352;229.7035618;0.865089207;0.607359562;1226.244;Besni
440.9818348;295.5307052;0.742211915;0.713290393;1268.05;Besni
451.0060488;235.1597735;0.853305321;0.629437077;1182.274;Besni
602.3077749;356.2362867;0.806340027;0.719282081;1580.961;Besni
621.0126864;390.3076128;0.777808102;0.747156346;1698.394;Besni
684.602958;379.7192817;0.832079617;0.717218816;1827.9;Besni
468.9040381;268.2670249;0.820173426;0.694716941;1244.252;Besni
442.7453136;187.0290194;0.906395428;0.686235379;1081.68;Besni
440.4743232;254.3360345;0.816451523;0.735371438;1173.259;Besni
655.3989662;304.6121493;0.885429547;0.697046209;1626.909;Besni
458.8440074;238.289021;0.854577011;0.708450645;1202.583;Besni
699.6182638;328.1121355;0.883204868;0.739152923;1754.378;Besni
518.7876139;275.2605054;0.847632242;0.7304361;1365.577;Besni
360.815292;204.037706;0.824754645;0.718426867;980.39;Besni
558.5161561;265.2842028;0.879996398;0.66209179;1419.577;Besni
398.5966833;224.5785157;0.82616862;0.719385856;1071.644;Besni
594.759221;351.4256873;0.806766406;0.704685775;1621.959;Besni
580.6008301;261.7636982;0.892599892;0.649487407;1455.893;Besni
424.9806728;231.6042653;0.838451647;0.59261729;1157.109;Besni
473.5758459;246.9199675;0.853315591;0.673231039;1328.744;Besni
562.3359079;239.402593;0.904850809;0.668066581;1390.73;Besni
441.7955517;246.810056;0.829402027;0.630243012;1222.158;Besni
532.7314252;322.6830027;0.795682271;0.722192393;1488.84;Besni
696.1490457;302.2224471;0.900847975;0.763778569;1687.178;Besni
425.2194272;239.4695614;0.826343087;0.654279767;1131.53;Besni
528.5858925;204.7395131;0.921939284;0.491460095;1299.386;Besni
430.1149972;251.1757003;0.811772822;0.746436873;1139.84;Besni
591.1801444;321.4311911;0.839272464;0.6485275;1595.364;Besni
541.2000742;232.5480394;0.902976663;0.553411373;1352.482;Besni
730.7609597;295.5004623;0.914593881;0.796730297;1725.003;Besni
661.1487714;376.4321931;0.822087757;0.631120527;1744.271;Besni
588.0709185;308.0257871;0.851847299;0.733999104;1536.473;Besni
483.3400048;315.2484647;0.758021814;0.7844673;1356.398;Besni
456.3827046;293.9224346;0.765003405;0.647265235;1332.203;Besni
394.6465339;228.161;0.815937489;0.664527251;1099.228;Besni
395.724998;300.2270016;0.6514683;0.671063554;1239.54;Besni
496.1307567;314.547414;0.773332196;0.70883156;1419.16;Besni
618.1418151;256.9501109;0.909510252;0.641284069;1522.028;Besni
496.8950128;245.2439068;0.869715856;0.719887507;1256.322;Besni
429.2790857;270.8593166;0.77581274;0.682649239;1234.547;Besni
400.7368809;223.9076574;0.829342993;0.728765213;1105.79;Besni
596.6398018;440.4971275;0.674476207;0.751009036;1726.246;Besni
437.734856;245.4242627;0.828040175;0.702859542;1177.858;Besni
418.5184789;233.9901934;0.82910585;0.658669736;1143.294;Besni
518.720443;305.7358095;0.80783856;0.70666472;1418.304;Besni
440.5629092;305.7917791;0.71988502;0.736901835;1244.054;Besni
469.4593474;215.0799509;0.888878022;0.621328517;1162.004;Besni
380.7764868;300.9086479;0.612784478;0.728499171;1144.344;Besni
522.4680098;348.2821616;0.745407081;0.69363089;1471.508;Besni
626.0641738;366.2370495;0.81104538;0.789451783;1630.704;Besni
555.9210209;332.1238891;0.801921074;0.729421056;1506.255;Besni
511.8746638;215.4482203;0.907106886;0.629612341;1246.361;Besni
493.7652445;308.0001269;0.781601193;0.675596941;1394.1;Besni
515.6080701;261.1366518;0.862261419;0.65023094;1378.308;Besni
559.2958675;313.3098688;0.828366668;0.722141961;1458.551;Besni
548.9710465;264.2584778;0.876517212;0.725860952;1388.476;Besni
610.6779718;325.5076812;0.846098403;0.761057039;1564.694;Besni
571.0488404;278.8373978;0.872681468;0.60261772;1488.324;Besni
498.3917995;241.896779;0.874317368;0.672892643;1293.559;Besni
496.5334606;276.8662029;0.830110932;0.713611945;1345.426;Besni
422.5673288;243.1162956;0.817920329;0.637353474;1122.831;Besni
452.9265064;268.7630536;0.804913476;0.715906997;1222.886;Besni
690.0719941;311.9956922;0.89195687;0.578673899;1680.121;Besni
769.4251488;321.6858345;0.90840748;0.605915848;1865.297;Besni
592.9085046;319.0201112;0.842906798;0.632833301;1529.068;Besni
516.0732298;270.743408;0.851335233;0.698815436;1378.774;Besni
573.5417738;295.4230955;0.857138757;0.71150732;1457.016;Besni
540.814829;306.8177642;0.823493997;0.64875817;1459.345;Besni
613.1726145;273.1819147;0.895270971;0.536784249;1513.352;Besni
713.4725493;373.6425439;0.851905369;0.780576219;1866.091;Besni
632.7276067;414.1883255;0.755968807;0.76928865;1736.839;Besni
598.0726814;314.3906394;0.850686743;0.746736026;1531.955;Besni
523.1863795;309.11683;0.806792408;0.736226499;1396.906;Besni
484.1659011;269.145887;0.83125185;0.67;1307.683;Besni
371.6938257;213.1798061;0.819180326;0.737472545;1006.984;Besni
630.6173412;330.7711388;0.851398389;0.723185339;1679.562;Besni
433.3668701;300.4577801;0.720639035;0.724719182;1257.029;Besni
542.5047797;267.2018778;0.870293382;0.743155287;1390.4;Besni
521.1127579;267.7270571;0.857933758;0.733559965;1377.248;Besni
581.7097499;394.5247078;0.734862852;0.737206739;1647.505;Besni
483.163737;289.8286843;0.800107952;0.740102967;1293.225;Besni
601.8002346;276.2481554;0.88841751;0.67400216;1508.934;Besni
525.9453568;304.1564686;0.815821133;0.728998849;1388.684;Besni
581.2869477;300.635686;0.855870727;0.679589556;1502.661;Besni
481.0639534;217.561151;0.891891237;0.714973571;1219.105;Besni
326.6328824;248.3224493;0.649631331;0.734356566;950.297;Besni
477.0335016;294.5338471;0.786627389;0.744780007;1290.239;Besni
389.6816918;295.3319356;0.652394055;0.696992892;1144.036;Besni
598.9676358;331.2490172;0.833159184;0.594050406;1570.502;Besni
530.1565743;223.4999334;0.90679426;0.547433097;1295.377;Besni
497.7881364;339.5262777;0.731287033;0.647529753;1447.684;Besni
465.3608157;209.2796463;0.893172211;0.712414947;1157.089;Besni
551.4538281;316.469824;0.818937495;0.729890232;1461.03;Besni
453.8934581;292.130181;0.76535397;0.637828409;1266.255;Besni
644.9312689;336.5716285;0.853023753;0.682988899;1629.634;Besni
390.9730835;262.7704159;0.740466412;0.623285654;1137.706;Besni
395.01184;182.3239807;0.887105943;0.625069042;1021.989;Besni
524.8171864;251.1605543;0.878050657;0.733311646;1393.213;Besni
562.2809569;273.3299091;0.873898112;0.643713354;1459.584;Besni
410.6220937;269.8171718;0.753808948;0.70294108;1127.889;Besni
403.1909593;231.0557342;0.819507998;0.663897875;1062.07;Besni
595.3425575;277.9092929;0.884359909;0.712977469;1461.111;Besni
480.629674;314.026534;0.757043179;0.724300244;1361.884;Besni
337.2899875;237.7053859;0.709454946;0.696275072;963.009;Besni
462.0461305;300.5589867;0.759510001;0.764047729;1277.791;Besni
615.4172359;413.9274732;0.740009433;0.768569796;1687.866;Besni
511.8975835;326.3124485;0.770486336;0.719183673;1393.974;Besni
501.0443057;273.1940698;0.838273925;0.750751174;1302.472;Besni
541.9483998;260.083619;0.87732059;0.689192749;1369.202;Besni
427.4942761;236.8825745;0.832437662;0.69841719;1169.476;Besni
625.3482265;286.8998907;0.88854772;0.632588558;1594.209;Besni
678.5595652;367.9003618;0.840263379;0.79154619;1766.873;Besni
654.4702641;272.3013;0.909335484;0.706431237;1562.268;Besni
431.0085748;218.7157773;0.861680554;0.648154835;1187.724;Besni
482.5120191;262.6744113;0.838832653;0.686586549;1270.564;Besni
548.4052371;241.123219;0.898154134;0.715653732;1391.207;Besni
478.2226517;279.361007;0.811634818;0.77991351;1263.012;Besni
465.5737975;290.2024046;0.781965247;0.730380886;1302.361;Besni
440.5599708;243.6365121;0.833170935;0.685808886;1238.163;Besni
466.397472;275.5755957;0.80677413;0.6870381;1260.343;Besni
489.6477891;239.3502938;0.87238391;0.672344689;1270.266;Besni
444.9996477;241.3311658;0.84017353;0.720549965;1182.561;Besni
362.5947181;192.9493667;0.846659474;0.699917592;945.828;Besni
731.5618761;299.4134054;0.912408981;0.755515672;1753.016;Besni
376.1708434;243.9548291;0.761196452;0.72827907;1046.692;Besni
476.8035004;282.0258157;0.806310313;0.769034792;1266.876;Besni
630.6452291;326.2445303;0.855792865;0.751898675;1646.559;Besni
477.9089439;273.4043639;0.820194593;0.684337933;1266.657;Besni
329.3302205;257.2680933;0.624298597;0.723263519;1128.077;Besni
480.6324763;241.0167682;0.865182269;0.643559069;1251.679;Besni
560.4209076;302.6406658;0.841649703;0.744313787;1446.145;Besni
423.6326319;251.2394448;0.805158483;0.729480633;1130.427;Besni
497.7006461;274.5758066;0.834050126;0.716535433;1295.27;Besni
486.5210676;323.3517303;0.747181362;0.759912623;1357.888;Besni
494.2591759;301.6828956;0.792113448;0.71936754;1328.07;Besni
459.3960385;242.6199645;0.849164703;0.725930755;1173.308;Besni
419.3385795;238.3432501;0.822766851;0.648001;1114.454;Besni
391.6781455;248.0891166;0.773824179;0.668176329;1077.419;Besni
486.7663599;297.1102875;0.792112164;0.739561481;1313.092;Besni
657.8678432;378.0584606;0.818383583;0.786426888;1700.937;Besni
503.4514388;266.4450356;0.848474157;0.667043297;1343.017;Besni
488.2150041;261.7242599;0.844164633;0.679432242;1259.069;Besni
503.9920682;252.4996254;0.865447744;0.708423059;1281.252;Besni
648.904219;339.1311299;0.852564975;0.713766518;1660.677;Besni
370.5604807;241.9144571;0.757501058;0.71260281;1027.513;Besni
595.817747;375.0205347;0.777064027;0.636111296;1591.894;Besni
731.4402924;337.1023722;0.887465183;0.734399043;1803.686;Besni
432.0619001;275.6906108;0.769969011;0.715447344;1193.836;Besni
434.5712205;244.4574533;0.826779841;0.649910941;1174.203;Besni
351.2037065;197.2136417;0.827452081;0.706141745;934.49;Besni
595.1070958;330.3427512;0.831784963;0.67130865;1608.599;Besni
274.1689537;191.378387;0.71606769;0.721615488;771.797;Besni
434.1002588;242.7017513;0.829105982;0.674012309;1162.37;Besni
546.6727559;248.5279077;0.890685928;0.687345679;1398.545;Besni
403.7297499;272.9703269;0.736790229;0.710499821;1156.718;Besni
594.7221714;384.0380462;0.763554308;0.74704638;1622.032;Besni
488.897551;277.6837439;0.823042761;0.772169783;1315.843;Besni
746.145341;355.3006855;0.879346962;0.745808887;1876.028;Besni
420.7021756;299.5836092;0.702074218;0.707426224;1245.034;Besni
662.9666319;307.8680665;0.88563635;0.742108801;1646.525;Besni
700.0084625;337.7066668;0.87593328;0.698891395;1789.254;Besni
498.3876606;250.1120371;0.864959104;0.675361077;1298.138;Besni
494.0551922;260.9736477;0.849102747;0.61417513;1317.687;Besni
435.3879154;224.7276306;0.856495219;0.681927322;1100.929;Besni
514.7145466;277.879091;0.841748223;0.670785994;1370.914;Besni
342.6553034;204.0111119;0.803442088;0.649178255;930.051;Besni
614.8149264;304.3315314;0.868894695;0.733669028;1539.429;Besni
621.2067629;379.4244465;0.791795655;0.733060891;1679.075;Besni
585.9819941;281.6014086;0.876960072;0.750683811;1499.355;Besni
381.8024151;258.5879725;0.73572335;0.747347818;1075.8;Besni
658.9566002;308.528449;0.883618526;0.726610542;1624.343;Besni
591.1158376;234.8233464;0.917708543;0.522278775;1425.109;Besni
369.2703695;218.5287077;0.806095763;0.711720382;1036.527;Besni
452.9245926;254.4821926;0.827229367;0.736088407;1209.622;Besni
430.0260915;312.9725953;0.685790415;0.717930823;1251.802;Besni
364.2559451;220.3620197;0.796252226;0.7233925;1056.491;Besni
614.5474258;270.0854905;0.898249041;0.689689754;1531.744;Besni
311.02247;243.4761211;0.622242108;0.656334872;968.697;Besni
456.7407136;248.1499566;0.839534766;0.644193035;1205.863;Besni
478.4818356;238.3218863;0.867131498;0.606600084;1217.127;Besni
600.126138;305.7668376;0.86046812;0.585589398;1495.983;Besni
531.8682601;332.5761746;0.780386042;0.667621591;1539.944;Besni
320.643403;200.2455856;0.78101538;0.675122045;921.059;Besni
820.724022;352.1936798;0.903244833;0.496936979;2289.889;Besni
456.4786879;248.6068692;0.838683717;0.607853978;1207.534;Besni
433.2197933;273.2554614;0.77598221;0.717702448;1182.21;Besni
396.79078;300.8126078;0.652122156;0.723317129;1157.771;Besni
450.0046169;269.2865688;0.801191187;0.71684776;1194.631;Besni
585.0938025;275.4936129;0.88221128;0.681831859;1485.99;Besni
554.4901203;277.0668866;0.866210843;0.747413046;1434.389;Besni
572.7053956;341.2457032;0.803096791;0.777524801;1500.251;Besni
651.0028073;299.7432602;0.887694392;0.719325646;1633.723;Besni
582.6875226;301.5684879;0.85565446;0.634567669;1509.374;Besni
616.9944003;267.9807338;0.900752608;0.621483426;1513.469;Besni
439.3125083;240.4941902;0.836849476;0.691161601;1162.608;Besni
345.315246;225.2188028;0.758036475;0.735576165;987.617;Besni
470.1016955;264.2362097;0.827080776;0.754547447;1265.032;Besni
731.5594062;389.9466998;0.84609325;0.770542973;1876.307;Besni
482.5655775;289.3857273;0.800238655;0.702710238;1316.871;Besni
407.9392627;198.710116;0.873342236;0.628258686;1030.757;Besni
648.2042885;402.2832708;0.784117922;0.773987918;1724.662;Besni
473.3407049;214.0920312;0.891865826;0.674377378;1214.981;Besni
495.6716825;272.6867344;0.835075211;0.730218937;1316.398;Besni
471.1246639;238.3286787;0.862608676;0.584770469;1246.2;Besni
477.1107437;261.9163163;0.835846416;0.777045002;1229.813;Besni
548.2208328;231.6610186;0.906330851;0.616301518;1399.672;Besni
355.1360184;212.0294595;0.802213456;0.734956305;940.363;Besni
450.9889914;241.3303882;0.844780047;0.729824958;1183.981;Besni
514.5888486;275.5833551;0.844509317;0.689698853;1360.821;Besni
362.2312356;236.4044486;0.757673254;0.684109182;1024.169;Besni
485.4521433;243.0800284;0.865604032;0.700032075;1244.563;Besni
478.8771011;345.9199722;0.691520882;0.624908356;1549.185;Besni
443.4929899;293.3841689;0.749918202;0.750241792;1238.627;Besni
450.4081356;276.9226152;0.788662816;0.703058137;1239.314;Besni
434.9940818;235.5194933;0.840744874;0.696116854;1148.633;Besni
439.2290769;258.3043276;0.80879864;0.699757752;1184.581;Besni
548.9408354;265.3050959;0.8754528;0.677181674;1385.645;Besni
330.6772412;215.7016476;0.757958591;0.654281336;936.823;Besni
404.3024952;256.0624764;0.773870556;0.663542132;1153.618;Besni
464.8339317;247.352044;0.846662711;0.624797395;1198.853;Besni
403.9094148;271.2515091;0.74094546;0.67494521;1140.605;Besni
520.1030781;245.2097587;0.88188543;0.576457129;1345.687;Besni
489.4542174;273.4526643;0.829377269;0.741609977;1273.128;Besni
462.5059292;277.6991108;0.799682716;0.682242863;1217.831;Besni
503.6875762;322.6225172;0.767940576;0.643253594;1429.352;Besni
507.2404407;296.8298817;0.810899272;0.618402185;1407.401;Besni
302.6110474;209.1160842;0.72281732;0.677051307;889.743;Besni
615.2108745;346.7022458;0.826081781;0.735823666;1635.791;Besni
429.0904087;252.0375627;0.809313914;0.704841486;1176.227;Besni
546.6352817;256.6147321;0.882962171;0.580625185;1405.868;Besni
637.7702144;237.4717854;0.928093615;0.652865745;1484.334;Besni
536.8515692;258.71716;0.876217627;0.729520929;1354.715;Besni
477.1675089;277.2224874;0.813921262;0.715684093;1339.098;Besni
327.2878204;212.2310886;0.761253861;0.646413348;934.708;Besni
453.2033953;222.6050244;0.871057374;0.733492868;1161.291;Besni
585.2941984;270.7088097;0.886610152;0.579493175;1526.711;Besni
662.7137696;275.4396927;0.909536563;0.732276687;1622.58;Besni
436.1824306;264.8740998;0.794506753;0.588446959;1320.46;Besni
477.4997235;261.9434084;0.836102728;0.694107266;1258.683;Besni
472.3094058;287.5938899;0.793239365;0.678388339;1281.378;Besni
620.4872195;376.4886055;0.794882897;0.721829842;1695.23;Besni
336.6780578;189.2616674;0.827039135;0.724950397;919.419;Besni
436.3900466;236.8953933;0.839828107;0.654597092;1148.146;Besni
560.0071356;259.3973494;0.886251871;0.558566689;1456.757;Besni
671.2545607;328.9098892;0.871726491;0.738159297;1689.585;Besni
547.4564052;354.5846058;0.761899987;0.711847256;1544.342;Besni
486.9021671;257.2700163;0.849007165;0.688908984;1272.882;Besni
422.0440713;305.8751238;0.68901521;0.633349614;1254.468;Besni
519.6799838;325.3324878;0.779803256;0.745071058;1393.335;Besni
535.980907;324.95892;0.795244976;0.688558608;1475.658;Besni
377.136928;235.1294691;0.781855924;0.719074732;1087.108;Besni
504.3954957;277.0339524;0.835664958;0.620933014;1297.147;Besni
502.7293381;280.3437406;0.830080564;0.6354731;1323.557;Besni
394.4426146;255.2544409;0.762382271;0.632365454;1130.405;Besni
573.4036122;270.6325069;0.881611618;0.723790395;1418.385;Besni
437.7712614;253.9093213;0.814613238;0.705146139;1199.809;Besni
639.6015714;273.092077;0.904264761;0.73672628;1535.248;Besni
713.0171239;316.3984978;0.896152602;0.592162706;1739.277;Besni
609.8297259;408.5356188;0.742435528;0.769656124;1639.103;Besni
506.1154491;334.3317845;0.750752113;0.705522559;1412.02;Besni
604.5300676;372.8498432;0.787151415;0.775837589;1622.809;Besni
424.5594345;203.3812923;0.877792635;0.628014974;1126.765;Besni
498.433852;274.5902751;0.834567201;0.773187379;1285.854;Besni
473.9659934;207.7369888;0.898831116;0.661007591;1205.819;Besni
425.0072805;268.6684637;0.774845821;0.761312848;1184.156;Besni
624.8449588;340.6956311;0.838274613;0.779463573;1641.14;Besni
579.9185509;400.8016603;0.722726255;0.716808511;1628.157;Besni
599.3628139;327.0840676;0.837967815;0.690156141;1557.606;Besni
516.4855009;260.1054455;0.863933164;0.691085026;1285.063;Besni
417.1369997;219.1852525;0.850823569;0.725454805;1085.215;Besni
614.9937443;352.28079;0.819681103;0.740122616;1607.527;Besni
360.0191761;172.5083892;0.877725147;0.711320187;940.542;Besni
522.3810484;252.36543;0.875561861;0.741658503;1311.161;Besni
450.480907;233.6080557;0.855032254;0.733213483;1162.256;Besni
357.2050867;228.86293;0.767787509;0.707307692;1006.598;Besni
588.3715687;311.2961675;0.84857138;0.721793513;1521.811;Besni
497.7014599;275.9717264;0.832188722;0.697561586;1347.989;Besni
536.4989648;299.4368265;0.829752693;0.735948588;1404.303;Besni
433.4845202;261.0666438;0.798306516;0.73579464;1166.517;Besni
472.208192;294.4538963;0.781769152;0.770049274;1267.646;Besni
556.9819072;318.2528014;0.820680026;0.697215215;1576.336;Besni
453.715176;260.4860546;0.818772562;0.751860779;1204.623;Besni
458.0446404;216.3409323;0.881430321;0.658392557;1135.68;Besni
490.4095974;277.084224;0.825086992;0.670404145;1297.279;Besni
434.2226657;220.4917639;0.861483822;0.621603191;1183.236;Besni
408.1899217;281.3966838;0.724402895;0.713854554;1187.085;Besni
470.5658055;254.2608114;0.841453216;0.632396721;1216.104;Besni
364.7511364;249.723369;0.728880994;0.727848231;1027.206;Besni
426.2364248;275.2870726;0.763459806;0.740107415;1163.021;Besni
598.761032;297.2016018;0.868116234;0.748756786;1510.852;Besni
580.7758476;362.3455742;0.78150484;0.770427286;1554.365;Besni
490.4334789;189.4429399;0.922383026;0.500546035;1182.852;Besni
606.351813;305.3303818;0.863964234;0.800255194;1547.081;Besni
694.2475503;411.810369;0.805073466;0.764940471;1812.569;Besni
398.8024524;182.8440459;0.888703306;0.65636597;1008.134;Besni
614.8344775;297.7353473;0.874928099;0.643516382;1553.114;Besni
407.9403285;245.8211977;0.798050128;0.689010979;1068.727;Besni
467.6371192;258.947168;0.832692769;0.7129884;1258.966;Besni
522.7865556;241.940773;0.886467562;0.725982963;1298.731;Besni
542.4197414;293.4732356;0.840993944;0.65953021;1400.524;Besni
477.1719928;231.0396812;0.874965463;0.730391156;1202.493;Besni
772.956877;388.201507;0.864734549;0.711672732;1942.05;Besni
663.1332504;297.4179501;0.893780798;0.61471504;1755.968;Besni
499.2377543;224.4723887;0.893214785;0.67084419;1258.062;Besni
520.3266122;289.6619857;0.83071856;0.712064948;1374.171;Besni
363.5788956;234.4544522;0.764307755;0.688944066;1015.021;Besni
405.6780508;277.4549315;0.729548695;0.743688283;1126.518;Besni
481.5643732;253.8467812;0.849784975;0.737951528;1225.352;Besni
450.2555917;228.912522;0.861117655;0.677376367;1142.632;Besni
593.7498799;346.7570543;0.811745025;0.785231188;1548.609;Besni
521.191031;302.1091845;0.814864461;0.734512254;1403.043;Besni
388.582055;205.5143916;0.848694829;0.791440045;977.906;Besni
481.7946852;288.6600202;0.80064808;0.715983148;1284.69;Besni
491.1120737;293.9110068;0.801152573;0.734758929;1303.224;Besni
340.7836277;231.4351892;0.73402126;0.734803992;956.302;Besni
331.8941109;184.2131203;0.831826447;0.748192733;874.091;Besni
345.9436498;235.4304678;0.732705625;0.70227959;1063.621;Besni
420.350624;275.8810121;0.754489905;0.673805327;1172.642;Besni
639.8506348;258.3819447;0.914840211;0.534714521;1496.062;Besni
522.5437758;308.0475964;0.807757147;0.739578685;1414.078;Besni
275.3377168;226.802199;0.566991437;0.669594277;859.326;Besni
416.2814499;264.0989928;0.772985146;0.697670974;1209.582;Besni
376.9878173;268.8326119;0.701055316;0.719924469;1144.959;Besni
609.6301806;306.6080357;0.864320723;0.682495301;1538.316;Besni
497.0580562;236.2127732;0.879866091;0.636981038;1271.343;Besni
949.6626718;293.386698;0.951082244;0.414153748;2352.029;Besni
580.4381967;318.180558;0.836364958;0.754857688;1512.658;Besni
398.6207288;296.8829335;0.667315162;0.742996727;1173.39;Besni
348.4009519;252.9930044;0.687531298;0.670877399;1028.839;Besni
302.8128348;205.9633801;0.733056942;0.742824357;862.001;Besni
424.4199935;282.2115053;0.746901655;0.746163157;1204.61;Besni
465.1799197;287.0157139;0.78696365;0.686192924;1310.51;Besni
447.5951038;277.4359099;0.784730757;0.687258906;1229.91;Besni
457.4774879;277.3867797;0.795205711;0.78868349;1248.75;Besni
594.1828014;328.5680583;0.833198042;0.721207805;1560.016;Besni
387.8523157;250.5845218;0.76326774;0.735096754;1078.409;Besni
614.3804322;353.4662998;0.817927331;0.756241377;1641.456;Besni
422.87694;302.2095731;0.699480849;0.720765368;1191.348;Besni
416.8989374;317.5428031;0.647955574;0.724419777;1261.988;Besni
542.1781725;250.0630792;0.887286135;0.646932785;1360.497;Besni
408.5855548;231.1420842;0.824602335;0.703181055;1079.578;Besni
448.5277271;207.7512363;0.88626171;0.696373759;1091.499;Besni
560.7226757;294.6625589;0.850790524;0.667778474;1426.6;Besni
445.2461201;217.6202412;0.872416085;0.654434087;1147.6;Besni
679.4893072;357.0472563;0.850815756;0.612143209;1831.909;Besni
570.2169046;368.2206845;0.763544285;0.781964054;1563.83;Besni
492.6065372;315.2013498;0.768487895;0.672032484;1311.522;Besni
402.4157189;194.6688358;0.875205907;0.719710626;1034.144;Besni
558.0587508;316.7128382;0.823355491;0.677764642;1478.596;Besni
607.9964652;349.6589887;0.818082863;0.753517688;1574.164;Besni
298.8588591;239.8993992;0.596358734;0.681452744;915.13;Besni
473.3133932;284.170622;0.799710534;0.787014132;1259.934;Besni
424.563654;207.8230517;0.87200443;0.611693881;1105.042;Besni
549.8652777;308.392291;0.827917003;0.650653694;1453.895;Besni
582.6121787;343.2602128;0.808005855;0.762219476;1555.816;Besni
740.0037432;390.3008576;0.849597917;0.744187354;1853.893;Besni
433.1941642;199.8147343;0.887265505;0.708950617;1085.157;Besni
594.1144312;306.3100019;0.856845008;0.764489545;1530.598;Besni
460.1429023;226.581322;0.870360472;0.651213128;1205.141;Besni
690.4334163;332.5532581;0.876358889;0.779403089;1681.985;Besni
507.6851162;268.0873433;0.849208116;0.700270537;1295.591;Besni
356.3232835;248.674245;0.71620554;0.708661084;1022.705;Besni
451.7827664;278.2800079;0.787777611;0.689695666;1254.755;Besni
468.6679004;279.8129101;0.802212378;0.785177527;1233.824;Besni
504.4821967;227.1275085;0.892918128;0.727157486;1230.493;Besni
563.5463265;275.3557685;0.872500913;0.668155987;1469.764;Besni
520.6800335;316.1898754;0.794500651;0.694510885;1422.242;Besni
621.3515398;318.5977308;0.858538226;0.750048547;1585.782;Besni
471.3667164;227.3931825;0.875944181;0.633078974;1243.987;Besni
571.2892031;492.2752785;0.507431838;0.731973651;1947.46;Besni
607.7096735;316.8097244;0.853362761;0.642408712;1557.266;Besni
487.6911592;289.9248299;0.804107077;0.687099748;1316.112;Besni
609.6431474;359.2245718;0.807959919;0.771737563;1592.095;Besni
500.9313423;286.2523864;0.820643598;0.732395854;1319.435;Besni
346.457978;204.0812123;0.808096294;0.636111111;927.283;Besni
532.0841297;342.4207326;0.765407249;0.770643939;1449.803;Besni
494.16296;244.8038886;0.868670102;0.702386185;1269.68;Besni
356.5678081;253.2546956;0.703942708;0.700929152;1041.27;Besni
454.4372156;236.9642525;0.853284574;0.578255972;1175.034;Besni
469.7747551;238.5393844;0.861490344;0.6810436;1226.892;Besni
462.8131338;296.0912378;0.768571317;0.759967476;1235.078;Besni
637.8730298;304.6225324;0.878599234;0.593805036;1596.356;Besni
660.6555881;362.3150066;0.836204746;0.71394663;1682.478;Besni
511.4720359;291.5913488;0.821573762;0.62476017;1392.653;Besni
430.0773077;247.8386945;0.817262582;0.66879293;1129.072;Besni
440.7356978;259.2931487;0.808628995;0.636476246;1214.252;Besni
431.7069809;298.8373229;0.721684066;0.741098519;1292.828;Besni
476.3440939;254.1760536;0.84573851;0.658798253;1258.548;Besni
512.0817743;215.2719758;0.907345395;0.632019963;1272.862;Besni
