CENTERS:2
LABEL_DICT:{0= 'Cammeo', 1= 'Osmancik'}
POINTS/LABELS: 
459.5350037;187.5088501;87.18730164;0.88532275;0.587579668;0
437.0140076;179.7411652;88.8296051;0.8693434;0.63692826;1
449.0799866;181.7005615;91.34106445;0.864460349;0.649061739;1
472.9450073;202.6015778;83.23017883;0.911722243;0.775290191;0
409.5109863;173.3379669;76.87580872;0.896273136;0.573588014;1
462.1109924;195.5175781;86.1084671;0.89779532;0.790575922;0
427.0750122;175.0393982;87.81713104;0.86504215;0.627789497;1
478.7529907;200.0433197;88.05669403;0.897905588;0.624587297;0
497.5159912;213.6031799;89.84618378;0.90723604;0.803072274;0
452.6019897;196.0300446;78.6872406;0.915901124;0.651339114;0
441.1610107;189.5218506;77.25662231;0.91314286;0.551792443;0
521.9219971;221.3329773;98.09829712;0.896414876;0.776743114;0
477.197998;199.7563629;86.64096832;0.901041329;0.611673057;0
440.7330017;175.2460785;94.10066986;0.843605757;0.799686015;1
492.553009;211.8521423;87.43466949;0.910859942;0.572794378;0
514.9069824;221.0183411;89.76701355;0.913805604;0.541783392;0
418.0669861;170.8183594;79.28153992;0.885768235;0.587919474;1
433.7770081;183.2213745;80.94514465;0.897119105;0.806773722;1
455.5180054;189.8598938;87.49918365;0.887471914;0.592296362;0
482.5889893;203.4164124;88.6671524;0.900000036;0.672651112;0
463.321991;192.9236755;86.35762024;0.894220948;0.58882618;1
467.197998;195.9285736;88.51917267;0.892122746;0.753528237;0
445.4389954;185.0290833;85.37150574;0.887194812;0.796027362;0
421.2909851;172.6673584;82.59618378;0.878166914;0.72879231;1
467.8959961;189.2847595;94.47992706;0.866520345;0.617453873;1
424.8959961;173.9436493;83.69766235;0.876623511;0.738633394;1
437.4509888;182.3555756;83.6619873;0.888547361;0.730028391;1
439.7990112;177.3865051;87.63169861;0.869453073;0.684177697;1
474.4240112;203.019928;81.82215881;0.915188849;0.535732031;0
420.8370056;172.5393677;85.41178894;0.868877113;0.694695055;1
432.3139954;174.8412628;86.66760254;0.868497789;0.691197634;1
429.3349915;174.3313599;86.89266968;0.866927683;0.614681304;1
433.7369995;182.7408142;83.0475235;0.890769541;0.756565869;1
484.1270142;203.4182587;88.50323486;0.900391757;0.756517947;0
369.0639954;163.4088287;59.53240585;0.931275487;0.75646162;1
408.7210083;165.8337708;78.49386597;0.880885899;0.618680894;1
411.6229858;168.3597412;84.19003296;0.86599052;0.7918818;1
459.8659973;188.8933716;90.74984741;0.877033651;0.59944886;1
519.4710083;219.6599579;98.39157104;0.894070268;0.612273037;0
466.9590149;196.3955383;88.21305847;0.893451214;0.689575911;0
504.8190002;211.2880554;94.47180939;0.894472361;0.679122806;0
484.243988;202.9798584;91.07144928;0.893696308;0.757243514;0
409.2690125;166.3798828;82.35617828;0.868899345;0.613091826;1
415.4859924;165.3483429;88.39618683;0.845101535;0.650689662;1
511.1759949;221.7821045;87.38172913;0.919111252;0.550877213;0
448.2160034;191.7463531;79.46400452;0.910084605;0.550317228;0
394.7130127;157.8847198;81.77407837;0.855419755;0.626364708;1
403.3479919;163.0692444;83.84018707;0.857707143;0.635036469;1
441.493988;176.0151062;93.18790436;0.848352849;0.764809012;1
412.4909973;165.197464;84.85578918;0.857992172;0.718319178;1
442.052002;180.3721771;88.5213089;0.871289015;0.602066815;1
391.4840088;159.0281372;79.17797852;0.867242157;0.732108057;1
467.2059937;199.8061523;80.19140625;0.915926516;0.787058055;0
478.598999;199.060257;88.78964996;0.895011008;0.575594604;0
415.8510132;167.3562775;83.59038544;0.866327941;0.653706849;1
502.9039917;217.1950073;87.00278473;0.916264176;0.580857038;0
425.4509888;174.0941772;87.36473083;0.864969432;0.694525659;1
501.696991;209.6793213;93.87272644;0.894185483;0.582623899;0
460.4169922;184.9478912;91.33196259;0.869561076;0.761573553;1
427.5679932;172.2100983;85.44306183;0.868233442;0.690789104;1
417.394989;178.9036713;76.73338318;0.903347731;0.743387341;1
434.026001;178.1897736;85.3498764;0.877824187;0.715920031;1
432.67099;183.7055969;80.56020355;0.898717105;0.66222173;0
420.723999;173.5066528;83.82770538;0.875544071;0.609838724;1
488.4970093;210.6863098;83.74446869;0.917609036;0.551676512;0
476.2260132;192.6065369;97.93213654;0.861087382;0.627837956;0
415.7510071;172.3328705;77.06074524;0.89445287;0.610893548;1
397.7200012;160.8506317;79.78276825;0.868319452;0.706371784;1
442.2720032;183.6993103;85.81993103;0.884164274;0.795376122;1
464.6430054;192.3996124;90.31411743;0.882980824;0.753517985;0
474.2359924;200.5447083;85.00814056;0.905715466;0.728494644;0
507.3190002;215.9548187;92.47437286;0.903678477;0.599536121;0
520.3189697;212.0107574;101.6800079;0.877488136;0.629365265;0
406.7130127;171.0506744;77.44872284;0.891621053;0.61844635;1
437.3039856;179.5764771;85.64931488;0.878929496;0.639358342;1
416.2590027;168.6011963;82.71273041;0.871394992;0.598182619;1
487.0629883;208.6516571;86.59980774;0.909800947;0.75010711;0
427.1400146;174.7940216;86.7621994;0.868112087;0.634263754;1
420.2189941;165.992218;87.1315155;0.851155698;0.612942636;1
519.3170166;221.4296265;88.87734222;0.915911794;0.661561072;0
515.3220215;219.9654846;93.15426636;0.905898452;0.699162245;0
446.9899902;178.5896454;88.8414917;0.867486;0.580450594;1
419.5660095;167.3070679;89.68018341;0.844204366;0.631115913;1
487.2200012;201.294693;92.73952484;0.887548029;0.647272229;0
469.5589905;197.661026;84.11711121;0.904929042;0.564530313;0
492.0220032;209.3755646;88.59430695;0.906066239;0.576824188;0
436.4930115;180.1210175;88.61711121;0.870602846;0.662242115;1
404.1380005;162.79039;84.19615936;0.855860949;0.738922715;1
458.3160095;187.3974609;89.58737946;0.878326774;0.67634207;1
436.9819946;171.4109192;92.14522552;0.843219638;0.623978734;1
403.4599915;167.8843994;80.188591;0.878554702;0.788704813;1
471.6409912;195.2124939;91.29154205;0.883912563;0.653320134;0
481.506012;193.782959;96.51618958;0.867140651;0.683890581;0
439.1570129;175.8540649;90.91184998;0.856001556;0.62381959;1
442.0660095;184.2648315;87.30493164;0.880631745;0.678896129;1
507.8049927;213.8856812;86.87624359;0.913792789;0.650943398;0
452.2170105;191.2431793;84.36917114;0.897427619;0.600286305;0
461.3450012;191.4077759;84.16149902;0.898145974;0.581279159;1
503.2189941;216.5750275;89.47614288;0.910666823;0.592614353;0
408.7170105;175.7335663;70.45018005;0.916125298;0.516425133;1
486.2770081;206.5722961;89.21240234;0.901935816;0.81276232;0
475.9100037;202.6862335;83.13021851;0.912021518;0.571970344;0
507.4289856;206.0707397;100.7536316;0.872324467;0.605413556;0
418.0559998;171.3155823;83.93949127;0.871739328;0.79703325;1
474.2189941;194.6127625;90.66897583;0.884840369;0.713338971;0
408.9419861;167.7952576;78.30336761;0.884436727;0.781230688;1
449.3800049;188.6259308;83.90933228;0.895607471;0.594749629;0
449.1889954;192.5794983;80.42227936;0.908628404;0.583928943;0
441.4779968;182.2872925;85.52101135;0.883115768;0.71551317;0
438.7749939;177.4010315;87.37784576;0.870287478;0.648666084;1
478.3110046;204.0691223;85.50912476;0.907976806;0.568316996;0
486.9559937;201.8391418;85.25986481;0.906402588;0.611054838;0
480.0859985;207.1090393;81.70571136;0.918893456;0.568765163;0
433.3420105;183.4458618;80.3972702;0.898847461;0.617009878;1
491.0190125;207.2198334;88.91106415;0.903272986;0.592621684;0
531.3950195;221.885498;96.65257263;0.900142014;0.578987777;0
518.5549927;218.1940918;94.05685425;0.902318656;0.55753237;0
418.5490112;172.7580261;83.32672119;0.875988543;0.60661763;1
476.9150085;202.5466766;85.4054718;0.906754851;0.717703342;0
476.2030029;205.1886139;83.0610199;0.914403796;0.551574171;0
490.5700073;203.7094727;88.17392731;0.901470006;0.653186262;0
429.3670044;175.4431305;87.64792633;0.866267622;0.611034513;1
402.4949951;164.0819397;82.46437836;0.864530444;0.632527947;1
434.8129883;185.704483;81.847229;0.897635221;0.681072056;1
421.5159912;171.9844513;78.82699585;0.888778031;0.578985274;1
496.3049927;204.3606262;91.956604;0.893042564;0.569472671;0
502.5690002;214.8956146;88.20729828;0.911876023;0.536146104;0
511.427002;219.1482391;91.4625473;0.90874368;0.788735986;0
427.625;175.9842224;85.70833588;0.873389244;0.802066207;1
386.4979858;162.4738922;74.97503662;0.887161553;0.753761649;1
466.7479858;191.4051208;91.9151535;0.877152145;0.587461293;0
425.9259949;179.1511841;76.3516922;0.904635668;0.574898362;0
474.0870056;203.9480133;83.6628418;0.911988139;0.747138023;0
414.8919983;159.6753082;88.12444305;0.833911836;0.6328125;1
427.1459961;164.7481995;93.12975311;0.824895382;0.720309794;1
489.7860107;207.3626556;89.81264496;0.901336908;0.619620621;0
414.8089905;177.8561249;75.2631073;0.90605104;0.630338013;1
397.0669861;169.1532288;74.63223267;0.897403479;0.723920047;1
435.9360046;177.2800293;86.48963928;0.872916222;0.722482502;1
496.8710022;208.5317841;93.82839966;0.893054903;0.732314467;0
454.9979858;182.5783997;93.23714447;0.859777331;0.733314812;1
523.3460083;219.7241364;97.14173126;0.896961987;0.630637527;0
408.70401;167.5240936;82.57571411;0.870075524;0.740922928;1
419.1910095;173.8454895;82.95931244;0.878793955;0.692719877;1
403.7739868;170.7179871;72.92540741;0.904171884;0.702900112;1
527.4210205;226.2627716;91.60111237;0.914385796;0.535686851;0
441.7120056;184.3051453;84.94325256;0.88746053;0.622331679;1
479.2340088;197.4643097;92.07521057;0.884633064;0.60383141;0
455.7330017;188.8243408;85.17462921;0.892484188;0.563955367;1
443.4039917;192.8861847;71.78689575;0.928163648;0.696101367;1
500.4289856;218.5715637;83.36390686;0.924408734;0.608815193;0
429.0979919;176.9992981;84.10533905;0.87989223;0.705857158;1
532.3579712;223.3588409;95.74971771;0.903455853;0.714310348;0
442.8699951;176.243042;91.78190613;0.853697658;0.621003449;1
486.8999939;200.1377106;93.24651337;0.88483119;0.618131876;0
437.45401;174.3581238;93.8477478;0.842787087;0.643443048;1
431.8009949;188.453949;75.71424103;0.915742695;0.538654447;1
429.1300049;173.4181976;86.83406067;0.86560899;0.737337351;1
492.322998;205.4156342;91.42163086;0.895502329;0.780824125;0
474.8370056;201.3801117;84.48709106;0.907736659;0.547112584;0
434.618988;176.4444427;86.10284424;0.87285012;0.598376453;1
427.756012;175.5746613;83.88063049;0.878496349;0.589479148;1
408.6759949;163.7159424;85.63248444;0.852298796;0.611441195;1
450.1319885;179.1512146;94.11334991;0.8508991;0.635303795;1
433.8439941;176.6112518;87.04949188;0.870092988;0.734413683;0
503.2309875;204.8744354;99.44870758;0.874284983;0.753036797;0
463.368988;195.7576294;83.07966614;0.905474484;0.697750449;0
467.9249878;200.6121674;81.70650482;0.913300693;0.714509964;0
440.7000122;177.1113586;88.22966003;0.867085576;0.751685381;1
426.5249939;182.8318939;77.69914246;0.905204654;0.744821072;1
430.9490051;177.6576233;87.49514771;0.870316386;0.756583869;1
496.0350037;211.3755188;85.93526459;0.913627386;0.672598541;0
411.0130005;168.5183258;80.82944489;0.877461135;0.636973858;1
406.7940063;161.5101318;87.89692688;0.838943005;0.693738163;1
437.9030151;182.2570648;83.00418091;0.890274823;0.588896155;1
419.9299927;175.137146;81.11838531;0.886269093;0.588319361;1
518.4520264;218.7672577;92.42917633;0.906362891;0.583519042;0
424.5570068;175.4199982;84.14051819;0.87745893;0.798245013;1
415.927002;169.2743378;81.99688721;0.874845326;0.593100369;1
488.5979919;204.3924561;89.15960693;0.89984113;0.581106722;0
518.8930054;221.2155304;93.13295746;0.90705806;0.551041484;0
455.3519897;191.7622375;85.68017578;0.894631803;0.572403252;1
489.6229858;205.1451263;86.93637085;0.905765235;0.563807726;0
458.8869934;193.8964233;84.0860672;0.901074231;0.75253427;1
489.0369873;211.0266113;86.83942413;0.911405563;0.577729285;0
513.7260132;218.8200073;89.37168884;0.91279161;0.701759279;0
524.2050171;216.8732605;96.65367889;0.895197868;0.648624897;0
473.1520081;203.8627014;82.55069733;0.914346457;0.75235635;0
432.7739868;177.7246094;84.66332245;0.879242897;0.597162664;0
475.1279907;198.6995544;87.37929535;0.898117363;0.575722516;0
472.1229858;200.25354;88.02668762;0.89820534;0.578840435;0
489.3179932;205.3863068;90.8004303;0.896967828;0.568903208;0
481.2510071;191.8238525;95.06197357;0.86856854;0.607698977;0
432.0270081;176.9954376;88.56768799;0.865797043;0.749493062;1
416.4689941;171.6786041;84.90172577;0.869155586;0.734745443;1
455.644989;184.6360474;90.0109787;0.873120248;0.690159023;1
438.1380005;175.740448;90.18716431;0.858278692;0.718310714;1
412.9890137;168.2035522;80.14659882;0.87918222;0.619425058;1
466.8869934;197.7262421;84.60392761;0.903833568;0.610057592;0
461.5499878;196.8182831;81.54729462;0.910127699;0.676505685;0
445.2950134;180.9094696;87.40585327;0.875539303;0.588107824;1
436.0700073;177.5502167;88.561409;0.866719186;0.687047482;1
489.4330139;206.7878876;90.45136261;0.899261534;0.605510294;0
443.3720093;181.6820984;88.50524902;0.87332195;0.71453166;1
486.2600098;208.3336639;89.34396362;0.903375566;0.576539934;0
430.6419983;177.9481506;84.67978668;0.87951684;0.597461104;1
508.3070068;215.569809;89.61988068;0.909485877;0.550764024;0
462.256012;187.2299805;91.63737488;0.872038364;0.609837592;1
417.7099915;171.8403473;82.69300842;0.876599848;0.774814844;1
490.0440063;201.3465424;96.04631805;0.878892481;0.610657096;0
467.0169983;192.6157532;89.47255707;0.885566235;0.638918579;1
455.2749939;192.5073853;81.42861938;0.906134546;0.575240791;0
433.2839966;178.5229034;86.50725555;0.87475121;0.626314104;1
501.303009;212.3297577;92.00544739;0.901243031;0.768406153;0
458.2749939;189.6963348;86.54058838;0.88987422;0.764413774;1
468.2319946;192.9272461;89.33763123;0.886324942;0.695218682;0
486.3880005;203.1841736;88.83795929;0.899350345;0.580186725;0
492.9519958;206.7086792;92.60356903;0.8940382;0.747825623;0
447.8699951;182.7711792;89.68170929;0.871341288;0.752718687;0
443.2609863;179.8141937;83.87640381;0.884541512;0.593101323;1
485.1130066;201.1537781;93.58039856;0.88519603;0.646407127;0
491.7070007;205.0606689;94.85704041;0.886577368;0.582013071;0
444.0589905;180.0848846;90.35011292;0.865036786;0.67761147;1
406.6610107;169.0680237;77.4307251;0.888959587;0.675958216;1
469.2369995;193.1074219;90.77803802;0.88261801;0.615346491;0
478.5769958;203.2763519;88.1075058;0.901183844;0.80787921;0
453.0899963;192.0067444;82.873703;0.902056158;0.65761739;1
497.8349915;210.3746796;90.7098465;0.902264833;0.590680778;0
497.8399963;204.4095459;91.21478271;0.89491564;0.656500995;0
465.3420105;195.6549683;84.88217926;0.900991857;0.573338687;0
455.2210083;194.7844543;78.43153381;0.915350497;0.769986987;0
397.7860107;161.4774323;81.7153244;0.862505376;0.786265433;1
490.5100098;209.7208405;85.13124084;0.91390574;0.795872509;0
458.7330017;187.3157654;90.63008118;0.875158787;0.601930141;1
476.3210144;194.8597565;94.98594666;0.873146415;0.66387254;1
485.9030151;205.1043549;89.31971741;0.900196314;0.565837741;0
503.57901;211.8835297;93.30974579;0.8978104;0.740325391;0
495.1069946;214.2878418;86.66110992;0.914575815;0.581208944;0
443.9679871;187.3336182;82.18278503;0.898634791;0.636392713;0
422.1719971;178.3518677;79.15714264;0.896113157;0.573132455;1
423.6910095;172.5359192;86.05995941;0.866720319;0.641697228;1
416.7170105;173.2751465;79.70606995;0.88792038;0.706679881;1
489.2380066;203.8588409;91.66152954;0.893213689;0.679847836;0
413.2829895;177.3069;73.48820496;0.910063446;0.546411872;1
421.3479919;166.9126282;85.74882507;0.857949018;0.693330824;1
433.8280029;175.963913;86.77378082;0.869953394;0.714942515;1
463.8420105;197.3556519;88.58672333;0.893597841;0.634523451;1
423.6210022;176.3437195;77.70800018;0.89767307;0.804244936;1
489.5440063;205.3157349;94.80870056;0.886999547;0.763999224;0
487.2160034;206.450119;90.84385681;0.897983968;0.593341529;0
430.9330139;179.9996643;81.03175354;0.89293921;0.738941848;1
439.6359863;179.9776001;85.30269623;0.880544841;0.603964925;1
473.0119934;198.1473846;88.03559113;0.895881295;0.753880501;0
433.2940063;173.2250519;89.39892578;0.856537104;0.622422993;1
408.1570129;164.5542297;81.85787201;0.867491364;0.795104444;1
477.3340149;201.5967712;84.66999054;0.907525599;0.541831017;0
442.6860046;184.3535004;85.83971405;0.884981751;0.642038882;1
493.5299988;208.6929626;89.70529175;0.902903438;0.772057235;0
409.0889893;173.3169861;78.04711914;0.892870128;0.581318676;1
522.723999;217.8501434;95.15388489;0.899565458;0.688459218;0
495.7390137;210.6809235;87.42848969;0.909830272;0.640954077;0
445.053009;182.4438934;85.08979034;0.884579837;0.612254322;1
424.95401;175.0766602;84.24492645;0.876617014;0.733102918;1
417.7810059;170.9293213;81.66611481;0.87848109;0.589106739;1
404.3240051;163.6620789;83.96915436;0.858350217;0.614866436;1
471.1960144;201.0029144;82.65473938;0.911539912;0.557036281;0
435.4989929;186.0784149;76.30805969;0.912047088;0.597574174;1
427.8980103;173.0211639;91.67183685;0.848103762;0.798707187;1
500.1619873;211.9825439;90.94657135;0.903290927;0.786410868;0
446.006012;174.6897736;96.45601654;0.833740771;0.632791638;1
505.3890076;214.2183838;89.42656708;0.908697546;0.7341609;0
419.5209961;172.7373352;82.87893677;0.877379298;0.706150949;1
444.1749878;181.921051;87.73918152;0.87601018;0.653737724;1
485.756012;205.7710114;84.90839386;0.910896301;0.658521116;0
439.1860046;181.4267731;83.52565765;0.887720823;0.567492723;1
464.5660095;189.5310516;92.90573883;0.871617079;0.605647504;0
522.7399902;225.7360535;91.05709076;0.915033162;0.779768884;0
431.3890076;177.0701599;85.1100235;0.87690866;0.687882364;1
442.4989929;183.5729218;86.80197906;0.881144345;0.626738548;1
480.1109924;205.8575745;81.43621063;0.918425083;0.576309383;1
438.9100037;179.6929169;82.84305573;0.887386739;0.574390471;1
485.6149902;207.1224518;83.32397461;0.915510833;0.714770496;0
459.1669922;195.5865479;80.6401062;0.911048651;0.543403804;0
410.855011;162.4277344;86.18075562;0.847635448;0.66707921;1
507.4169922;217.1329956;88.92488098;0.912291646;0.598588169;0
488.4599915;203.5127106;89.95865631;0.897000432;0.71735394;0
423.9549866;173.8369598;83.37648773;0.877473772;0.619682014;1
453.105011;192.6842957;79.17370605;0.911681056;0.670440972;0
508.3420105;213.379303;91.25335693;0.903940618;0.723778069;0
467.6210022;193.5677185;88.06787109;0.890505791;0.619173527;1
500.2330017;218.4880524;85.67758179;0.919906199;0.583636463;0
477.4110107;216.4877472;70.77008057;0.945058584;0.666055858;0
440.5639954;181.2036896;83.45518494;0.887628555;0.579009652;1
469.45401;196.6380157;87.97914886;0.894325554;0.572261691;1
452.1990051;183.3866119;87.75106812;0.878085852;0.582286179;1
427.2789917;173.2954407;88.56226349;0.859552264;0.773376644;1
451.3699951;180.7394409;91.56465149;0.862174571;0.649063885;1
438.644989;177.9155121;86.46606445;0.873961508;0.589395761;1
425.0549927;173.3803253;83.83379364;0.875330329;0.652770519;1
450.2109985;184.7501984;91.24625397;0.869524419;0.799218357;1
432.7460022;176.9750824;85.09567261;0.876811564;0.665587902;1
429.1010132;175.3561401;83.65203094;0.878881156;0.598060787;1
423.4970093;182.8002472;72.1242981;0.91887337;0.820385218;1
429.20401;178.3140106;83.02278137;0.884995937;0.788435161;1
432.8280029;176.8203125;88.09726715;0.867044628;0.705131173;1
495.2680054;203.7946777;99.68769073;0.872195482;0.735248983;0
492.9819946;198.2062683;101.6440125;0.858496547;0.627451003;0
430.4920044;170.7973633;89.44210052;0.851918876;0.582580626;1
488.9530029;206.6948242;90.76068878;0.898435831;0.582472563;0
481.7219849;201.5188904;84.54153442;0.907745302;0.623748779;0
409.625;167.988205;80.67377472;0.877139986;0.609606504;1
482.3429871;202.278183;87.75389099;0.900995851;0.605667353;0
485.2449951;206.8582764;87.94334412;0.905128479;0.647830069;0
527.2109985;224.2521973;91.44113922;0.913089037;0.547667384;0
437.1210022;174.2112274;92.41957092;0.847683072;0.695460856;1
504.3559875;214.0628815;85.7449646;0.916270673;0.625265181;0
514.2310181;220.546524;88.99761963;0.914965451;0.628033102;0
408.4389954;167.1761169;83.6878891;0.865680397;0.754670143;1
403.29599;166.7865601;80.29826355;0.876477242;0.644452691;1
481.3779907;194.6375122;102.0583878;0.85150218;0.650117338;0
506.8410034;219.0030823;84.91929626;0.921762943;0.541106641;0
506.4349976;208.7226563;93.81930542;0.893284023;0.574514151;0
425.0100098;179.9587708;79.05262756;0.898349285;0.55861789;1
417.3169861;167.3380127;84.22980499;0.86408186;0.604836464;1
429.5480042;174.5865631;85.20391846;0.872825444;0.60187304;1
444.95401;180.2208557;87.54528809;0.874088526;0.604505599;1
517.3319702;221.9593811;90.30760956;0.91348809;0.554089606;0
484.0820007;200.1735382;92.85159302;0.885910869;0.604796708;0
432.8129883;180.8758545;86.05373383;0.879574418;0.643050194;1
414.4020081;171.1427307;79.86785889;0.884429395;0.713920474;1
405.0570068;166.5041046;81.1501236;0.873192132;0.674432039;1
462.8720093;193.3418427;85.90898895;0.89585954;0.708914518;0
509.7609863;210.2780762;96.02433014;0.889644384;0.572596908;0
415.1059875;171.4884491;78.90145111;0.887868285;0.601256073;1
475.2420044;199.3260803;87.97470856;0.897329748;0.57213515;0
412.8389893;171.1241608;80.39784241;0.882761359;0.724818051;1
412.8800049;165.5458679;84.34690094;0.860466063;0.694716513;1
416.8900146;172.190918;79.67411804;0.88651073;0.694932997;1
495.2600098;203.7247009;93.18321991;0.889262199;0.634646833;1
491.0549927;204.1756744;93.06549072;0.890076637;0.575679362;0
456.2489929;188.5509186;84.3818512;0.894269824;0.653419375;1
481.256012;203.9285736;86.18013763;0.906316519;0.549705744;0
499.3129883;208.2283783;91.47314453;0.8983441;0.583566129;0
419.9530029;181.806366;74.52000427;0.912136495;0.585920155;1
490.2789917;213.9856873;82.96648407;0.921777308;0.728324294;0
519.0360107;217.2497101;98.99957275;0.890136063;0.7633847;0
399.053009;161.8736725;82.76502228;0.859405935;0.685963511;1
407.7650146;168.7373352;80.82007599;0.877831459;0.60952872;1
423.4979858;183.4550018;76.97341919;0.90771997;0.822793305;1
509.019989;210.1643829;97.76021576;0.88522625;0.762674391;0
524.2470093;218.3425598;99.16317749;0.890918493;0.623709798;0
435.0859985;177.5858002;88.19933319;0.867946565;0.710223615;1
498.6239929;213.5956268;86.99999237;0.913289249;0.740757823;0
481.2879944;204.7774506;87.50462341;0.904102445;0.581126094;0
451.8190002;180.2173309;90.56421661;0.864561021;0.607845008;1
510.1019897;220.0358582;86.50135803;0.919485509;0.533153713;0
434.2520142;177.8726501;86.16555023;0.874834061;0.621511221;1
408.9729919;167.4709625;81.02894592;0.875157177;0.617358267;1
433.9809875;174.7171631;87.27269745;0.866309047;0.609463155;1
440.0010071;187.7613525;82.31121063;0.898788691;0.617237866;1
498.118988;210.2735291;88.98815155;0.906035423;0.776302338;0
487.4190063;208.7312622;89.19512177;0.904100299;0.776485622;0
488.2709961;201.0799561;95.97958374;0.878729284;0.650378883;0
384.4599915;156.1647644;81.23886871;0.854036808;0.632347286;1
429.6940002;171.370636;92.45801544;0.841972291;0.775901318;1
438.1480103;178.0887756;87.27424622;0.871688485;0.627121329;1
415.0;170.0981445;82.88566589;0.873245001;0.620373487;1
436.3999939;178.1359406;83.72199249;0.882672071;0.7235955;1
509.9790039;215.5475922;95.61666107;0.896225452;0.758792996;0
508.4070129;217.0155029;92.15181732;0.905365825;0.807424724;0
479.2319946;201.1148834;89.12859344;0.896436334;0.698698282;0
401.2550049;160.0178833;86.63780212;0.840748608;0.658346057;1
474.927002;195.7785492;87.1651535;0.895419657;0.586063743;0
487.8309937;207.1084442;86.02370453;0.909659028;0.551552534;0
411.1390076;171.5273285;77.87589264;0.89099431;0.59196353;1
488.0660095;199.8998871;92.31539917;0.886979818;0.616329908;0
416.0499878;168.4384766;86.90823364;0.856610119;0.630262375;1
433.769989;178.7764435;86.52510071;0.875076354;0.786441982;1
510.4830017;219.6590271;89.13313293;0.913971007;0.543194115;0
412.3670044;168.2745056;83.94273376;0.866691768;0.787436485;1
438.9729919;182.5943756;81.35918427;0.895245492;0.656908035;1
434.0859985;172.9773407;87.95358276;0.861080408;0.666476309;1
414.6199951;167.7519226;81.58570099;0.873765588;0.603973985;1
451.7990112;192.7388;83.19506073;0.902042747;0.718820095;1
410.1910095;168.5531006;77.07965851;0.889311492;0.757466078;1
479.2999878;198.9013214;90.1360321;0.891424298;0.5869084;0
435.2009888;180.4284973;82.20979309;0.890165985;0.659405947;1
473.2349854;200.3253326;83.2011795;0.909670651;0.666099429;0
473.4419861;198.6106567;85.91886902;0.901586175;0.689972937;0
427.3330078;176.6558533;82.13243103;0.885347962;0.580873191;1
515.4229736;215.9992981;91.61693573;0.905590177;0.597597957;0
469.5320129;192.3960419;91.23041534;0.880427718;0.621606708;0
467.0769958;194.7540894;86.67639923;0.895502925;0.596245408;0
518.7700195;214.2864685;97.37900543;0.890780509;0.707577169;0
431.2279968;183.7963867;81.16801453;0.897202611;0.591143727;1
407.2890015;165.7218933;79.9631424;0.875888228;0.72233969;1
428.0889893;173.9547729;85.48769379;0.870913506;0.648616612;1
482.5799866;205.0201569;86.9646759;0.905579686;0.555921078;0
498.7909851;208.2520447;93.86026001;0.892672896;0.640569568;0
473.9320068;196.1175537;88.91679382;0.891314685;0.60455662;0
474.9549866;196.4542542;88.85059357;0.891880512;0.559809804;0
416.0820007;166.272644;87.09693909;0.851828992;0.635457933;1
484.7709961;204.8106384;86.7587204;0.905847192;0.553696692;0
449.5130005;186.6615143;88.58874512;0.880203903;0.584754229;1
434.177002;179.415451;83.34638214;0.885550022;0.616764903;1
483.6549988;202.7220001;86.94031525;0.903368711;0.776460588;0
467.9219971;196.1468048;86.20711517;0.898241103;0.574818313;0
455.2569885;192.5899963;78.04095459;0.914220035;0.606650472;1
438.625;189.7222137;77.68550873;0.912323713;0.684238672;0
461.8720093;193.527359;88.68710327;0.888814807;0.777027428;1
503.7109985;217.609726;87.28523254;0.916030288;0.803144455;0
388.5809937;172.5199585;63.34475327;0.930152476;0.735456109;1
476.95401;198.7421875;91.36670685;0.888061464;0.599319756;0
486.2720032;207.5510406;87.78108978;0.906158924;0.600817263;0
432.5190125;183.0266266;82.307724;0.893177867;0.57891351;1
502.0499878;211.9916382;88.64776611;0.908370495;0.57608217;0
485.5589905;205.9496613;84.3160553;0.91235441;0.59995538;0
449.0239868;178.1638031;93.14697266;0.852445245;0.625629842;1
418.6459961;172.5299072;83.84862518;0.873961747;0.648888886;1
433.0920105;177.8142395;86.38817596;0.874051213;0.71440506;1
416.5350037;171.0029907;84.2417984;0.870236874;0.757643402;1
417.5969849;172.6920624;81.00117493;0.883171737;0.585392058;1
488.8299866;203.5678558;89.92999268;0.897128761;0.572356522;0
491.1440125;203.5071869;91.60269928;0.892967999;0.577944934;0
434.2730103;179.4348755;79.00735474;0.897844732;0.545784056;1
428.5360107;177.7107849;82.36468506;0.886109471;0.651556492;1
491.5629883;211.2970734;87.20801544;0.910854757;0.62442416;0
410.0840149;171.168457;75.23148346;0.898234189;0.719298244;1
403.2189941;168.609024;77.52805328;0.888017476;0.797293067;1
514.96698;224.1865997;87.69223785;0.920323789;0.654119074;0
451.243988;194.0061951;82.41925049;0.905274093;0.830687821;0
370.4460144;156.0722809;70.63035583;0.891739547;0.761559129;1
443.5280151;186.5877228;80.95197296;0.900982797;0.739130437;1
453.3659973;180.9826355;93.60396576;0.855865419;0.627316713;1
475.7820129;196.7065887;90.34710693;0.888281822;0.773267567;0
482.0769958;208.964035;84.61726379;0.914344609;0.60121429;0
396.8160095;166.890213;75.11701202;0.892978966;0.571178854;1
430.1069946;177.7969208;85.67855072;0.87623173;0.706174195;1
449.6040039;189.5009918;82.26611328;0.900855184;0.564464033;1
444.7609863;183.4491272;84.42697144;0.887804866;0.724187911;1
463.3330078;197.4527893;85.99746704;0.900172114;0.585823357;0
436.368988;180.802597;81.64021301;0.892249167;0.617825449;1
493.9289856;199.2336273;95.68336487;0.877127767;0.6168558;0
441.8779907;177.8626862;90.56725311;0.860649645;0.623856008;1
441.1839905;180.6960907;83.45304108;0.886962235;0.577086449;1
425.071991;175.7572327;85.50615692;0.873679757;0.644047201;1
411.1329956;170.0608368;80.8193512;0.879857361;0.806590915;1
453.7720032;192.2237701;83.54117584;0.900621772;0.575359404;1
426.2470093;176.1217957;84.35531616;0.877836645;0.608480811;1
424.5750122;175.6068878;80.03326416;0.890106559;0.6159814;1
432.6459961;177.0127258;82.56719208;0.884548724;0.652658939;1
405.9679871;165.6750488;81.03001404;0.872233272;0.636241138;1
505.8850098;214.1028748;86.41410828;0.914931059;0.52602011;0
499.0880127;214.4025269;85.24676514;0.917558193;0.656728804;0
470.4030151;196.0814667;88.71108246;0.891805232;0.583624303;0
408.2829895;162.6809845;84.36328888;0.85502845;0.653148711;1
432.6229858;170.7567902;88.04955292;0.856803536;0.622252166;1
428.5390015;174.3046722;85.41966248;0.871688962;0.591423273;1
493.1080017;202.0469818;95.07941437;0.882356942;0.739998043;0
462.7319946;190.4266968;89.31358337;0.883188546;0.688119829;1
454.1040039;192.0917206;83.93650818;0.899480641;0.566783905;1
404.0889893;165.6824493;80.38426208;0.874419451;0.671449184;1
410.5150146;160.7063293;92.14432526;0.819295943;0.757565737;1
421.0429993;170.6911163;85.02394104;0.867110491;0.803371608;1
431.7520142;173.8032684;89.89888;0.855837345;0.770120025;1
430.5599976;180.0662842;71.17449188;0.91856575;0.764599681;1
512.9459839;211.9261169;92.14079285;0.900537729;0.566768169;0
454.9419861;196.4692993;78.05166626;0.917701066;0.700777173;1
413.8559875;169.8791656;80.89677429;0.879335999;0.671985805;1
427.6640015;181.1168671;78.34978485;0.901589572;0.555238068;1
502.9660034;213.9631805;93.12080383;0.900324702;0.783681691;0
524.6849976;227.7818604;87.04252625;0.924108148;0.512506306;0
474.3380127;194.6946259;91.07733154;0.883836567;0.616178751;0
472.0209961;189.9021759;97.03052521;0.859610438;0.651798666;1
472.9049988;203.4450684;82.57012939;0.913935423;0.627374768;0
439.3410034;184.3000183;85.29237366;0.886467457;0.597465038;1
490.7510071;203.7784424;90.2658844;0.89654094;0.731548429;0
415.0390015;173.1041565;82.06340027;0.880487442;0.789620996;1
474.1879883;198.3915558;89.04605103;0.893612206;0.633750916;0
444.5549927;186.3528595;84.85929871;0.890302837;0.767678678;1
434.2879944;175.2012482;91.26869965;0.853595555;0.636832952;1
411.3099976;165.2231293;84.78220367;0.858306348;0.643073976;1
450.4030151;185.5312195;87.92227936;0.880581498;0.632152855;1
437.9140015;180.2112122;89.38488007;0.868322134;0.718594432;1
431.9429932;178.5909119;85.77666473;0.877105951;0.640351832;1
479.9309998;202.702652;90.70674896;0.894290566;0.591466904;0
455.1809998;183.669342;88.2543335;0.876991093;0.709470928;1
491.2219849;203.7610626;92.34289551;0.891412914;0.741319418;0
505.8770142;218.5732117;91.24372101;0.908699214;0.823784351;0
418.5610046;168.1425018;85.76485443;0.860131443;0.767720282;1
507.3850098;211.6512146;94.57139587;0.894620597;0.652930081;0
473.5270081;199.9391937;83.23552704;0.909225404;0.564547181;0
487.20401;196.8149872;95.84307861;0.87341845;0.651120067;0
489.4549866;200.5265503;91.23562622;0.890501499;0.627170742;0
498.4429932;213.7612762;88.98867035;0.90922761;0.696496427;0
480.4899902;201.9342194;91.94389343;0.890329897;0.675115526;0
442.9379883;185.8367004;86.91271973;0.883896112;0.601718485;1
484.053009;196.4033966;95.85621643;0.872811317;0.771541893;0
379.8989868;152.8709259;77.10934448;0.863465369;0.674869478;1
403.04599;171.383667;76.66117859;0.894380271;0.759201765;1
420.7940063;174.045639;77.64330292;0.894978702;0.728815913;1
498.5620117;212.0615692;84.91075134;0.916337788;0.547499239;0
509.1369934;214.0074615;91.28372955;0.90446651;0.707104206;0
407.8070068;168.2178345;81.61740112;0.874409437;0.600280583;1
473.3009949;203.0819244;84.99755859;0.908199191;0.773965538;0
503.2919922;215.5826721;89.79667664;0.909121931;0.60047704;0
471.7139893;193.5167236;91.87624359;0.880109072;0.744642198;0
411.4790039;162.2022858;85.22140503;0.850854099;0.593526006;1
422.3680115;172.1637115;83.62702942;0.874102652;0.612417221;1
420.0580139;169.9767761;86.36136627;0.861311376;0.719194591;1
440.5419922;187.2053528;82.01986694;0.898912728;0.562109768;1
454.0859985;196.8355255;78.12479401;0.91786015;0.558123231;1
475.355011;198.5984497;85.40795898;0.902803421;0.583177805;0
490.7929993;210.2819672;84.04502106;0.916655719;0.773925364;0
489.3859863;217.285614;78.70890808;0.932085991;0.757444859;0
436.4840088;172.7252197;91.47328186;0.848254681;0.646107495;1
416.7980042;171.6469727;81.13961792;0.881216884;0.587802172;1
520.4500122;216.1599884;101.7624969;0.882253826;0.794372082;0
416.6289978;171.3818054;81.65258026;0.879208803;0.593684673;1
421.1740112;179.4857635;78.21934509;0.900045037;0.801465213;1
442.0;181.2117767;86.29921722;0.879318535;0.635031521;1
448.8269958;190.1289978;81.32439423;0.903905272;0.562092423;0
461.1300049;185.5310364;95.42746735;0.857581735;0.651183724;1
415.1749878;170.6875916;82.24396515;0.876259685;0.606338084;1
469.4240112;200.62883;83.27462006;0.909790337;0.663214028;0
504.6369934;212.9424591;91.21266937;0.903615654;0.786489308;0
446.1000061;187.143158;81.82019043;0.899361193;0.746713877;1
468.571991;191.8715973;92.48851013;0.876152873;0.740716755;0
471.92099;193.2509155;86.45822144;0.89433974;0.633421957;0
439.7080078;191.7048798;71.42118073;0.928008914;0.510953486;1
499.6159973;210.2774963;91.58361816;0.900170863;0.573030233;0
442.6019897;184.2364349;85.57202148;0.885589659;0.799044013;1
515.8499756;222.7228394;85.4315567;0.923508525;0.524796605;0
384.3420105;163.291626;72.26079559;0.896755636;0.624771178;1
485.5469971;201.5536041;93.44861603;0.886022866;0.593150377;0
385.7780151;157.7679596;78.39109039;0.867821634;0.788426757;1
484.0599976;201.1923065;91.2587738;0.891210616;0.766520798;1
455.4060059;192.002182;83.87214661;0.899544477;0.670684695;0
466.6640015;197.125061;86.21640778;0.899282098;0.58099103;0
429.3959961;179.2518616;85.53614044;0.878803372;0.790628135;1
501.8250122;210.9164886;89.62992859;0.905214667;0.689084768;0
434.7390137;180.8474274;82.18374634;0.890778959;0.681732595;1
507.6409912;205.6005554;99.32084656;0.875578046;0.663635194;0
442.8510132;178.6540527;91.11915588;0.860155821;0.679107666;1
485.118988;206.5976868;88.72132874;0.903095365;0.745168865;0
460.2269897;187.6688995;91.77645111;0.872264802;0.6526981;1
497.1409912;206.546814;90.75944519;0.898284912;0.566571772;0
397.6380005;165.3995819;77.70961761;0.882757127;0.795215309;1
478.2470093;204.7185059;85.14571381;0.909403026;0.547773004;0
443.4779968;189.286911;81.28727722;0.903095603;0.567775786;1
417.0589905;168.2343292;85.0189743;0.862908363;0.611277759;1
414.6740112;165.7461395;85.62849426;0.856212139;0.76610291;1
430.2630005;174.4451752;83.79233551;0.877084434;0.736546516;1
433.2340088;184.1274109;83.70603943;0.890690923;0.644033253;1
398.0969849;162.6618652;79.64611816;0.871923447;0.598069012;1
437.9389954;184.9996643;83.11607361;0.893392563;0.762340128;1
459.9450073;190.4369659;85.74949646;0.892888606;0.698184013;1
436.9219971;174.8322906;93.07769775;0.846503794;0.701984942;1
496.8840027;207.8227997;93.10913849;0.894022644;0.579322636;0
426.2799988;176.1899567;85.12367249;0.875545442;0.61824429;1
442.1589966;177.6001129;87.86295319;0.869050443;0.592730165;1
505.6549988;213.5936279;83.5105896;0.920399666;0.577627718;0
422.2000122;168.0558929;87.12608337;0.855116963;0.764232576;1
394.9830017;155.2926483;82.31694031;0.847949982;0.691284657;1
497.9190063;216.3755951;85.1957016;0.919221938;0.537903726;0
442.855011;175.3573914;91.6060257;0.852702916;0.617891073;1
453.7680054;188.0402985;86.70749664;0.887342334;0.664340079;1
469.5379944;196.4661713;85.99484253;0.899117112;0.72700429;1
444.0339966;186.0676727;83.80880737;0.892816246;0.699942112;1
470.7489929;190.2900085;95.00540161;0.866448581;0.618011594;0
467.8500061;201.9013062;79.30883026;0.919619679;0.791842461;0
432.5469971;175.7979279;86.18153381;0.87159276;0.733204305;1
414.4719849;170.4575806;81.17028809;0.879342139;0.611794889;1
399.6350098;166.3654327;81.32897186;0.872363687;0.637348771;1
501.2460022;212.1060944;89.32131195;0.907006681;0.689557195;0
480.927002;200.188446;91.48053741;0.889481008;0.754562259;0
403.6749878;164.5473785;83.43628693;0.861907542;0.713836491;1
437.1090088;185.8181763;82.01721954;0.897318184;0.569056511;1
452.32901;193.6925354;80.8077774;0.908816457;0.678030312;0
442.7890015;182.6370392;84.10048676;0.887670696;0.584544599;1
475.3900146;196.856781;87.78818512;0.895058095;0.571008921;0
480.8309937;191.8450775;94.87568665;0.869153023;0.625915647;0
447.4859924;181.3567047;87.98662567;0.874426603;0.593873799;1
458.9559937;180.4008179;95.7420578;0.847548127;0.632955074;1
501.7659912;219.3126678;83.44644165;0.92478472;0.743157804;0
446.631012;181.8717804;90.23387146;0.868242502;0.669956148;1
458.0130005;192.5944977;85.20385742;0.896817684;0.590651155;0
448.5390015;185.0900421;87.2516098;0.881919026;0.592687547;1
439.5130005;183.2423401;81.7984848;0.894835949;0.573171318;1
404.4639893;158.9888306;91.3405838;0.818497956;0.670095146;1
514.3779907;218.731369;93.16437531;0.904755831;0.818671346;0
475.7550049;194.5179291;92.81695557;0.87881428;0.591119945;0
471.9100037;193.905426;98.03417206;0.862781346;0.614817917;1
523.3099976;216.8973694;99.04489899;0.889649451;0.803449273;0
426.1380005;173.6890717;87.18202209;0.864900708;0.693664491;1
408.0280151;166.3291016;81.88404846;0.870424807;0.620806575;1
489.9419861;207.0041046;86.23710632;0.909091711;0.639400363;0
522.7589722;223.4059143;92.64324951;0.909964681;0.64172256;0
416.973999;174.3517456;80.79745483;0.886140645;0.701086938;1
402.8590088;166.1565857;77.91069031;0.883251667;0.591570854;1
548.4459839;230.1887207;95.75758362;0.909366429;0.592466712;0
425.2200012;174.2269745;85.78465271;0.870384336;0.630128741;1
417.2709961;174.4631958;83.50515747;0.878010929;0.818083405;1
472.2340088;201.6408539;82.22841644;0.913072884;0.745079637;0
383.4819946;156.289444;74.67707825;0.878461719;0.620286465;1
492.9519958;206.5892181;91.43078613;0.896732509;0.739532769;0
421.9159851;168.9326324;86.08985138;0.860405207;0.598006487;1
422.0490112;174.0857544;85.9203186;0.869716465;0.609019816;1
502.881012;217.9986572;87.55461121;0.915802419;0.576699495;0
434.9110107;176.5402832;87.28521729;0.869222581;0.760317445;1
489.2900085;208.332901;87.1922226;0.908205926;0.579114974;0
460.8670044;191.5177002;86.79779053;0.891403615;0.588235319;1
487.8399963;213.2474365;83.18276978;0.920782506;0.805229843;0
491.0440063;206.657074;90.17514038;0.89977622;0.593222439;0
430.0440063;187.3143921;69.94136047;0.927674353;0.563444793;1
399.3919983;171.0101776;70.23106384;0.911777914;0.692307711;1
387.7210083;164.1777039;68.98608398;0.907435417;0.73736614;1
393.8380127;167.6113739;69.95188904;0.908747792;0.540266693;1
486.1220093;213.1120758;80.99443817;0.924963653;0.520240843;0
459.4240112;195.0993347;84.79960632;0.900600255;0.761601627;0
502.3569946;212.7346954;88.58338928;0.909180105;0.581504464;0
461.2030029;191.5436707;86.72735596;0.891621709;0.73832953;1
430.3049927;175.4827728;83.01683807;0.881021142;0.6736601;1
403.2780151;162.4573364;83.75511932;0.856858611;0.744926929;1
466.9899902;193.54422;88.05834961;0.890502691;0.57765466;0
458.493988;183.4043579;93.3401413;0.860807359;0.610742867;1
451.6090088;193.2675323;81.65988922;0.906352401;0.724042594;0
427.5249939;175.9404144;84.68665314;0.876535535;0.803420603;1
444.5799866;184.8253326;87.36722565;0.881222546;0.652207792;0
506.4639893;215.4302979;87.76007843;0.913262725;0.707547188;0
388.6170044;158.3608246;79.3425827;0.865433335;0.625192881;1
491.0599976;207.6805725;89.8433609;0.901584208;0.59689182;0
452.4039917;192.3418274;81.44419861;0.905926645;0.642620385;1
413.5;170.5678253;83.24488068;0.872818112;0.764099717;1
444.927002;187.7583618;81.88331604;0.899893343;0.72666502;0
399.177002;164.5905762;80.95957947;0.870660365;0.706410766;1
454.9020081;185.2253723;89.68470001;0.874961615;0.62270689;1
502.0310059;214.3379822;83.71970367;0.92056191;0.644508123;0
424.5759888;173.9976349;84.73989105;0.873392224;0.621896267;1
452.6600037;188.8052826;86.10971832;0.889940381;0.684164584;1
499.355011;212.2619781;90.98807526;0.903466225;0.588688135;0
442.9750061;177.9863434;92.22924805;0.855270624;0.703740478;1
431.5209961;173.5222931;89.55706787;0.856520653;0.780426383;1
425.5169983;173.0964203;87.19287109;0.863864481;0.781691074;1
470.1080017;207.9800568;75.71490479;0.931379855;0.738313258;0
418.7130127;168.2098236;90.15866089;0.844224811;0.665485859;1
502.5880127;214.1338043;91.11753082;0.9049505;0.624127448;0
423.9700012;171.7066193;85.35773468;0.867685318;0.67918539;1
432.368988;178.3507996;86.11730957;0.875701129;0.600293875;1
457.1409912;194.8754578;82.49108887;0.905988812;0.770478666;0
449.6170044;177.6229553;94.24237061;0.847637713;0.651460409;1
436.1289978;176.1208649;87.78805542;0.866916478;0.616223514;1
431.1640015;182.325119;76.51873016;0.907670796;0.781275034;1
445.1539917;178.9357452;91.93397522;0.857920706;0.618541181;1
435.8460083;176.9395294;84.80960083;0.877643466;0.72365135;1
425.0119934;175.6383209;80.60688019;0.888468921;0.770440936;1
498.3619995;205.8031006;93.99627686;0.889605761;0.613921463;0
486.6530151;198.2198334;97.85749817;0.869642675;0.623755395;0
440.256012;181.3232727;83.83839417;0.886687219;0.601524413;0
436.3829956;177.3486023;85.96657562;0.874662638;0.763556063;1
516.9609985;219.5333862;88.00939178;0.91612488;0.622973323;0
480.447998;205.312088;82.03385162;0.91670841;0.632430077;0
515.3809814;215.714325;94.95480347;0.897905767;0.673655868;0
426.8729858;172.3962555;85.40240479;0.868673921;0.729222894;1
467.5650024;200.0503693;81.17269897;0.913979053;0.594111025;0
451.1629944;185.5575867;93.29590607;0.86441046;0.781839192;1
512.947998;211.4087677;94.91480255;0.893550158;0.731611371;0
419.4330139;171.464386;84.32466125;0.870713174;0.60435158;1
438.7000122;178.7846069;87.50312042;0.872040808;0.645369947;1
505.7630005;211.37883;94.41613007;0.894699872;0.718842447;0
433.7780151;179.3352203;78.85895538;0.898130357;0.663339376;1
403.5429993;168.5759888;77.24084473;0.888851166;0.772206962;1
419.9500122;178.9237061;74.24162292;0.909851253;0.777862132;1
479.4790039;200.3972931;88.17446136;0.897998631;0.695252597;0
492.9580078;207.6246033;90.52266693;0.899950564;0.571254492;0
433.8299866;182.0749054;78.95067596;0.901097536;0.611226737;0
514.7420044;219.332962;89.0112381;0.913949907;0.787567437;0
461.6199951;195.8938599;83.4992981;0.904606521;0.576498985;0
507.0820007;221.5334778;83.90892029;0.92549324;0.542218029;0
484.8619995;205.2724609;87.23548889;0.905205488;0.799426138;0
479.2170105;208.4237518;77.74034119;0.92783463;0.5730685;0
495.4440002;206.7537537;91.29646301;0.897226334;0.611590207;0
447.5249939;186.6712494;80.84287262;0.901357353;0.667295814;0
419.1000061;166.8651733;84.30315399;0.862992227;0.69475776;1
477.8250122;190.0263519;91.82109833;0.875508964;0.683275461;1
429.4389954;174.4416199;84.42338562;0.875088155;0.613376021;1
482.8250122;198.5033569;95.47468567;0.876735628;0.605500817;0
417.4880066;172.4484406;82.73074341;0.877409637;0.651429236;1
428.70401;179.5782318;78.64100647;0.899013638;0.568760335;1
443.9920044;181.7114868;85.55834961;0.882214785;0.647888839;1
491.3770142;208.908783;83.84211731;0.91593194;0.533066034;0
427.1390076;171.6759186;84.98906708;0.868861496;0.608757079;1
429.2049866;178.5589752;82.38754272;0.887190938;0.685594261;1
477.2630005;200.4944;89.45983887;0.894935191;0.715736032;0
448.5079956;182.861908;90.77281189;0.868093371;0.736206532;1
500.6090088;209.9165344;91.92539215;0.899016857;0.71892488;0
473.2210083;197.8727722;88.44189453;0.894552231;0.641250968;0
456.9379883;194.8551636;80.28486633;0.911173344;0.584893882;0
466.3059998;198.7256775;82.28808594;0.910241067;0.634953856;1
473.0509949;200.6844482;81.73117828;0.913311303;0.537613988;0
