CENTERS:2
LABEL_DICT:{0= 'g', 1= 'h'}
POINTS/LABELS: 
48.0573;11.0862;2.9571;0.362;0.1882;0.42;32.4358;-2.2992;26.93;165.224;1
23.4858;0.0;2.2393;0.7378;0.3775;-2.9397;13.0915;0.0001;19.341;235.342;0
40.5429;19.4073;3.3382;0.2369;0.1269;29.1908;27.0567;-7.1243;10.0643;195.603;0
16.6123;7.8423;2.5572;0.5829;0.3371;6.7271;-10.3448;-2.324;14.5111;214.2655;1
205.425;37.7936;3.2727;0.2167;0.1257;46.0952;-210.935;-29.7478;60.058;206.173;1
23.8026;10.1636;2.2625;0.5628;0.3087;32.1961;-16.3031;-9.6851;20.3915;108.582;0
23.602;17.0341;2.7589;0.4303;0.2169;-0.6405;21.0054;7.9662;17.2382;79.4087;0
21.1109;11.5522;2.2068;0.5901;0.3571;-12.6112;-19.9271;4.0426;68.7418;61.5813;1
25.2097;13.9953;2.3395;0.476;0.2403;-13.0365;-8.2607;-12.2322;50.2398;191.73;0
78.8829;27.055;3.4497;0.1811;0.0932;53.4896;66.8412;-14.5304;3.939;291.219;0
88.9019;28.5245;3.5765;0.1655;0.0874;61.5212;94.825;-20.4289;3.2132;244.234;0
77.6918;36.8864;3.5261;0.1954;0.1205;-43.3672;65.5969;36.4114;3.9967;297.998;0
39.1714;12.3633;2.6355;0.3819;0.2164;37.6251;-22.3594;-4.1555;6.8181;224.489;0
41.0662;9.2465;2.281;0.6073;0.3272;27.5327;19.7613;6.7821;2.123;79.1334;1
17.9634;10.2982;2.2765;0.6561;0.3413;21.5137;11.0116;-6.436;37.525;153.134;0
54.8257;14.5358;2.9919;0.2394;0.1248;-8.0165;26.6012;-8.541;39.198;106.24;1
22.349;19.5483;2.6749;0.3784;0.1934;-14.2913;-17.4434;9.1093;55.8954;49.6709;0
23.8176;3.1392;2.2028;0.7024;0.3697;43.0022;7.2102;10.6716;60.4662;220.9806;1
103.38;22.1405;3.2033;0.2104;0.1055;104.437;93.0837;-14.7321;24.717;287.032;1
42.169;19.9739;2.5139;0.3859;0.2251;-55.9897;-18.8351;-18.6789;5.1421;306.684;0
19.828;7.2342;2.1287;0.7732;0.3978;4.4667;-11.4998;-4.9094;80.558;129.454;0
12.8598;11.3399;2.1287;0.7212;0.4275;14.855;-8.4364;-6.8675;41.4708;169.016;0
65.8187;21.7078;3.2692;0.2185;0.1111;-77.72;45.9937;14.5994;3.2964;252.706;0
113.0663;76.9218;3.7965;0.0912;0.0602;112.1963;97.167;-53.1103;86.9145;285.9024;1
21.7529;6.7839;2.0881;0.7102;0.4041;23.5404;12.0502;6.5592;5.706;154.555;0
34.2778;17.2361;2.6289;0.3243;0.1798;-51.7938;12.2221;-9.7122;42.686;179.12;0
106.244;32.661;3.8623;0.1054;0.0532;55.9926;110.652;-14.0161;1.464;213.793;0
88.3491;31.4021;3.6765;0.1689;0.0898;-44.3056;70.1349;-20.5013;0.8347;296.501;0
41.2412;16.844;2.6222;0.2912;0.1492;-24.2949;18.4922;-12.2418;19.4837;189.459;0
19.6738;7.4183;2.1446;0.7168;0.4265;0.2174;-3.992;-4.9487;40.871;240.006;0
61.6682;21.7989;3.3395;0.157;0.0808;8.4025;17.216;-10.3177;7.847;190.618;0
88.2709;30.3081;3.2541;0.1788;0.1061;-31.1377;83.8799;-19.2065;2.21;329.025;0
29.0869;9.128;2.6444;0.5805;0.3141;7.6234;17.4277;9.5575;16.3577;143.684;1
100.5;23.4542;3.3883;0.1415;0.0763;-85.1168;88.64;14.1886;2.3248;255.465;0
34.7458;21.9104;3.0687;0.2996;0.1831;22.3991;17.3737;9.7927;1.7171;189.474;0
48.7467;18.9343;2.8663;0.2585;0.1367;-43.6281;21.3642;11.7471;4.734;202.086;0
20.7708;16.7921;2.5815;0.4404;0.2267;6.1544;11.5784;14.5851;72.2425;228.28;0
151.558;58.0777;3.7252;0.1563;0.0839;-203.556;-86.5503;-50.3082;34.4576;334.064;1
50.7355;13.8768;2.4886;0.3279;0.1867;22.9626;32.073;-10.6266;25.98;165.046;0
12.8589;11.466;2.1945;0.7348;0.3738;-15.0658;4.3276;-11.6815;28.704;87.6656;0
22.5982;10.8201;2.4631;0.5818;0.3425;25.6113;14.1925;11.6767;88.2038;161.856;0
28.507;15.104;2.7435;0.3628;0.1868;8.672;18.1136;6.4696;0.2314;195.951;1
43.4722;20.1585;3.0976;0.2812;0.1562;37.5929;39.446;-10.939;26.7377;127.815;0
71.0066;33.2264;3.8316;0.1499;0.0822;58.143;65.0489;-9.9478;2.0789;178.232;0
62.7644;25.1345;3.7026;0.1807;0.1001;34.1638;64.2319;-10.954;4.1234;171.784;0
62.0247;17.3984;3.0687;0.2672;0.1652;41.9251;48.5164;17.1696;20.143;225.49;1
42.119;13.7029;2.6232;0.5452;0.3345;35.4414;40.6071;-5.6916;6.7992;142.438;1
42.4673;8.5241;2.5366;0.4651;0.2776;12.742;31.2016;4.2744;6.332;180.649;0
116.8513;59.958;3.4833;0.2824;0.1674;-184.0379;81.6298;-50.8297;63.5177;399.3452;1
53.1485;17.7621;2.5308;0.4065;0.2283;32.3439;49.6044;-12.267;39.6204;109.711;0
27.6746;18.9149;2.5422;0.3759;0.2224;30.937;20.242;15.143;19.3719;223.241;0
93.0607;28.3185;3.5398;0.116;0.0622;-127.342;56.014;-10.9973;3.737;233.673;0
18.2176;12.6683;2.4676;0.6031;0.3458;14.5591;14.5186;5.7139;17.709;147.552;1
12.984;11.2075;2.1746;0.7492;0.4114;-14.8012;6.0893;11.2711;11.746;194.679;0
40.0835;14.5512;2.7042;0.3458;0.1947;-16.8745;-33.8985;7.6887;0.784;220.99;0
73.2547;19.5552;2.5545;0.357;0.1939;-44.1258;34.5939;16.6915;23.149;282.616;0
24.3356;12.2325;2.5105;0.466;0.2731;8.4297;16.1253;5.8151;81.6645;142.984;1
114.792;65.8183;3.2751;0.2696;0.186;-103.525;-54.9896;-79.0757;14.3037;266.102;1
33.9612;12.673;2.5533;0.372;0.1916;-32.0873;-15.1753;-7.4428;43.391;226.418;0
20.3075;10.696;2.3962;0.6064;0.3353;-6.2948;17.1113;8.0283;13.93;148.368;0
32.2429;8.3502;2.483;0.5022;0.3227;9.6746;27.9491;-1.9865;66.8429;170.2377;1
34.6141;18.7451;2.792;0.2825;0.1461;-2.6052;21.9193;-2.9381;13.193;203.703;0
27.9985;15.0071;2.3856;0.428;0.2654;-28.3031;-24.7615;2.7122;1.1388;158.909;0
15.2685;3.8124;2.325;0.8676;0.637;18.2895;7.0555;-0.8019;56.7287;219.8924;1
41.4007;24.7585;2.9425;0.21;0.109;20.1941;24.0314;23.5645;21.9634;129.021;0
18.3551;9.7463;2.4706;0.5027;0.309;17.3834;15.7083;-10.1938;70.814;239.5914;1
91.1228;32.0506;3.6607;0.232;0.1277;-77.0352;-63.0946;-20.3967;1.133;365.289;0
16.6322;8.2739;2.2989;0.6752;0.3204;-10.7267;-2.9277;-4.6414;42.7744;148.5194;1
26.3839;18.5882;2.6258;0.4426;0.2284;-35.0284;-16.945;3.9865;18.9656;210.868;0
26.8339;15.1463;2.5496;0.3893;0.2214;14.5424;7.1928;5.2489;81.5258;111.222;1
20.4623;12.5622;2.3918;0.5355;0.3225;17.6169;13.219;-8.0259;65.011;65.8902;0
13.5577;11.5007;2.6327;0.7844;0.4871;5.2783;15.4472;0.6898;86.9198;50.9843;1
23.8115;14.5528;2.3672;0.5755;0.324;1.1422;-8.8184;-1.7287;84.4227;106.2665;1
26.8176;15.9384;2.485;0.4092;0.2144;14.3457;9.0264;5.468;78.5386;214.316;0
21.0982;12.5113;2.5099;0.476;0.2458;18.1025;11.1148;8.0292;35.9838;136.194;0
55.0816;30.2609;2.9923;0.2036;0.1206;32.2385;43.8606;-18.237;34.246;158.388;0
120.875;33.2444;3.0459;0.341;0.1975;-89.2755;-95.5569;13.9697;20.8784;344.351;1
35.6207;22.194;2.6994;0.3423;0.1641;17.5176;-2.5227;-13.89;32.5405;137.7918;1
98.7012;17.6299;2.5347;0.4058;0.2555;-27.6671;-91.6622;13.2898;89.6498;207.041;1
25.0206;21.1248;2.7976;0.306;0.1761;-3.3811;-10.3187;8.1751;24.4741;99.7426;0
28.0488;11.8991;2.5085;0.5767;0.3612;32.2326;15.0283;11.4086;8.2259;182.558;0
25.6508;15.2966;2.5871;0.3907;0.1979;-21.2081;16.4879;12.4784;64.2235;149.837;0
30.817;15.7507;2.6561;0.415;0.2196;1.3366;24.8213;-10.6264;34.5966;99.5598;0
88.4005;23.2755;2.7938;0.1929;0.1037;-134.148;41.8392;18.0227;41.124;127.661;1
130.7112;13.8452;2.6221;0.7331;0.4642;-116.4043;-101.7676;-14.345;47.0975;243.5813;1
45.629;25.0567;3.1189;0.1871;0.1106;40.8972;-20.7079;-11.99;1.198;207.976;0
49.6601;22.0999;3.1746;0.3017;0.1843;17.9069;-25.4435;8.9821;5.4509;197.243;0
13.054;10.693;2.2188;0.7674;0.4804;13.419;-2.8936;9.5412;16.7337;132.238;0
110.1;13.1992;2.8357;0.2613;0.1423;-169.802;56.9024;-9.6361;0.204;251.595;0
12.7445;11.6208;2.0881;0.7184;0.3878;-15.4693;8.1816;-10.5727;4.555;143.005;0
49.1764;23.1906;3.2172;0.2432;0.1252;49.2386;37.2549;-17.457;0.7988;231.706;0
29.0865;8.5601;2.7316;0.6197;0.3683;16.3824;23.2818;7.554;40.3874;133.652;1
33.3944;16.7128;2.5384;0.3792;0.2098;9.1264;-24.9142;11.4659;2.3935;88.3223;0
17.5875;15.8431;2.5563;0.5889;0.4069;-4.9856;-8.9744;6.0916;27.3912;98.9112;1
126.609;41.9329;3.461;0.2103;0.1233;-129.054;-120.058;-15.7828;29.6115;369.928;1
18.3844;16.4085;2.3953;0.4829;0.2596;-7.6899;17.3911;-9.6232;60.543;163.281;0
20.7669;8.8377;2.3802;0.6458;0.3646;-23.8245;-11.0169;-2.6001;55.07;93.5079;1
31.2892;15.2223;2.5244;0.3856;0.2138;29.9882;12.663;-9.2623;4.9939;132.362;0
105.217;73.1736;4.1822;0.072;0.0388;89.2509;98.4422;73.1276;2.1215;163.06;0
55.1999;17.4642;2.7114;0.3343;0.1992;50.9644;39.6746;-8.2674;1.676;284.525;0
27.3463;16.0693;2.6064;0.3144;0.1597;-26.2384;-14.5259;-11.4329;8.19;125.036;0
46.9247;20.2722;2.7486;0.314;0.1722;31.8542;31.0256;16.7207;5.1486;270.211;0
56.3167;12.265;2.9159;0.2973;0.1535;-54.1595;-40.5586;8.863;33.5871;175.156;1
39.1329;36.9935;3.0614;0.2178;0.1133;2.1607;-38.1818;-26.2053;66.2905;240.8362;1
88.1144;23.3753;2.7126;0.3159;0.1676;-102.457;53.8003;11.4796;41.7347;123.176;1
66.4147;22.961;3.5732;0.2434;0.1236;21.8641;64.5106;7.9777;1.147;231.359;0
33.7977;20.0272;2.9133;0.3162;0.1667;23.7078;-24.1045;9.9646;14.0395;54.0099;0
35.9396;12.0674;2.5139;0.3982;0.2067;-6.13;19.3256;-7.2416;7.6707;150.528;0
33.7819;2.7118;2.1491;0.7356;0.4102;2.3256;2.7114;10.3511;11.6642;103.5958;1
20.93;10.5237;2.5977;0.5783;0.3245;-5.3601;16.9542;8.6707;66.697;169.826;1
49.2727;22.2199;3.276;0.1716;0.093;31.1037;28.2574;-12.6656;10.1168;214.872;0
21.3271;10.5084;2.1931;0.5769;0.2917;-6.9462;18.1267;-10.4721;37.201;231.596;0
21.3806;12.6598;2.4616;0.5527;0.2988;25.3612;13.5855;-6.6962;12.5519;105.811;0
49.6982;16.8437;2.7973;0.327;0.1683;-93.4165;45.7653;-10.9282;5.0099;237.107;0
12.9574;11.0568;2.2162;0.7416;0.4529;14.1686;-7.0158;-8.2891;43.9589;148.238;0
42.1915;18.3556;2.8513;0.2761;0.1458;-1.7343;40.9286;-6.4425;1.7355;243.825;0
18.7703;10.0147;2.4031;0.6166;0.3577;21.682;11.9557;-4.6444;50.86;194.863;0
16.4338;11.5765;2.233;0.5965;0.3129;-1.5906;5.9172;4.322;45.878;146.354;0
95.1461;41.0282;4.0712;0.1013;0.0511;61.4538;74.6874;19.1065;0.3662;299.567;0
98.2047;27.6954;3.4634;0.1748;0.101;60.6472;96.4227;-8.1593;5.352;269.141;0
134.005;22.361;2.5422;0.3702;0.2052;-155.222;-55.4024;13.4662;8.5734;287.103;0
20.2305;9.3055;2.3118;0.6098;0.3341;24.4649;9.426;3.464;9.4872;183.006;0
155.9102;42.2451;2.772;0.4695;0.2437;-90.4055;-147.3562;20.3806;16.0222;321.6529;1
31.4518;11.8114;2.4713;0.4088;0.2416;-15.7508;-9.0566;-11.3927;14.1671;153.177;0
20.8971;12.415;2.4564;0.7448;0.3759;0.8771;17.4937;-8.7008;17.7354;178.928;0
34.1682;13.8686;2.3256;0.3985;0.1972;27.7551;18.8042;11.0227;8.1384;153.9215;1
66.0531;47.6012;3.386;0.0962;0.0504;6.0286;51.2048;25.0804;19.589;175.867;0
138.917;33.8561;3.3381;0.1488;0.0815;-110.295;-101.961;35.7331;81.4132;230.234;1
39.0165;23.3996;3.1053;0.237;0.1377;8.3237;-22.4536;-21.3361;3.2298;139.102;0
39.1456;22.0682;3.0618;0.2671;0.1418;31.2593;27.3095;19.8806;6.193;110.977;0
17.4468;11.0266;2.2068;0.5466;0.2764;-23.5603;-8.3904;-0.2059;56.1897;144.424;0
54.8072;22.3495;2.7259;0.5226;0.2829;-51.6456;-56.1794;18.7526;6.3332;311.553;0
23.4414;10.3625;2.7218;0.5598;0.3975;9.4621;14.4517;-7.9135;74.136;139.489;1
34.1721;8.7107;2.5729;0.4091;0.2152;-26.79;3.9281;-3.8166;69.07;180.539;1
39.7607;20.618;2.9654;0.2859;0.1803;9.6772;32.9845;-19.3439;2.7224;140.55;0
30.7361;8.2288;2.658;0.6;0.3527;19.3985;22.0902;-4.2379;34.689;233.795;1
31.7847;27.1539;2.9791;0.2697;0.1495;14.9426;-22.2961;-22.7852;10.4772;221.642;0
49.7386;18.0448;3.2368;0.2041;0.1052;-11.0573;38.7811;12.6688;5.3168;246.114;0
41.751;6.7535;2.3701;0.4563;0.2409;9.1177;28.6709;6.3146;31.305;272.689;0
28.1465;9.0446;2.3988;0.5549;0.3373;-33.5887;-13.5845;4.2566;86.3532;35.5989;0
30.5327;21.6959;2.6248;0.382;0.2432;-7.9124;-28.8645;-15.4248;0.1224;188.344;0
65.8446;21.3023;3.224;0.1791;0.0934;63.2486;37.9565;5.1343;0.152;243.169;0
18.9505;12.913;2.3334;0.4919;0.2668;-0.1723;4.1078;7.7879;6.2819;135.559;0
27.3084;21.357;2.6101;0.3018;0.1509;-18.5946;14.6071;16.4383;38.1711;123.343;0
83.6467;37.6328;2.9117;0.2426;0.1256;-26.2619;-83.2947;-11.7959;59.0647;225.907;1
59.5654;30.2124;2.4631;0.3373;0.1876;49.5765;58.3284;24.3381;78.0882;229.749;1
24.4523;9.8128;2.4322;0.5693;0.3604;-8.7205;-17.829;-8.4405;19.571;175.644;0
16.7429;15.1867;2.3096;0.6569;0.4289;-1.6276;-14.8761;11.3786;68.6733;58.837;0
13.2632;10.7133;2.3107;0.7824;0.4083;14.7389;2.4181;-11.8587;71.878;167.552;0
55.4333;16.1018;2.9043;0.3863;0.202;1.3011;35.9742;7.6825;40.1342;250.7299;1
29.638;22.3916;2.7871;0.3086;0.1673;13.1261;21.6969;-10.0104;52.0176;89.6726;0
26.1561;19.8247;2.5139;0.4564;0.2404;-0.6801;25.9882;19.8894;49.5681;169.797;0
25.4719;20.6789;2.1683;0.5356;0.3184;-21.529;8.4876;-9.6268;85.9595;158.3338;1
118.532;26.8224;3.3625;0.3733;0.1947;-138.306;-107.423;-16.6705;27.942;347.229;1
43.2643;15.9915;2.8552;0.5066;0.3552;27.7753;33.9622;11.6473;11.33;283.098;1
45.5997;35.1146;3.2836;0.1478;0.0742;22.1228;38.2276;-28.0158;62.629;92.2033;1
19.3469;16.4401;2.3096;0.5686;0.2966;-26.1887;10.2652;17.1408;5.061;104.987;0
24.3377;11.0705;2.5977;0.5051;0.2866;-13.5348;-10.3792;5.492;2.8878;145.375;0
163.2118;53.8719;3.1417;0.1776;0.1205;-200.6192;116.9525;33.9842;10.9902;319.976;1
26.567;18.815;2.8176;0.3227;0.2017;11.1595;15.0154;8.5459;12.3055;226.567;0
92.7855;82.3446;3.2084;0.216;0.134;-133.806;-58.1007;36.6385;2.79;195.648;1
87.4712;17.2932;3.1227;0.3777;0.1919;8.676;46.5491;-6.6282;23.8279;369.292;1
31.0627;16.2038;2.7701;0.4143;0.2385;32.4866;29.5643;-6.2126;15.9615;168.391;0
52.2264;23.3743;3.2333;0.1905;0.0956;46.3585;38.163;7.9243;0.795;226.359;0
13.0183;10.6743;2.2999;0.7619;0.4887;13.2492;-3.2605;8.3499;84.3683;60.9388;0
25.7024;10.3364;2.317;0.4723;0.2771;6.2351;19.8672;7.6639;30.6008;119.558;0
17.9289;12.8843;2.5434;0.5866;0.2933;12.5934;12.505;7.3892;12.0487;231.183;0
52.5166;20.297;2.8528;0.3579;0.2519;-33.5491;11.4628;-15.1208;1.737;306.998;0
17.3904;10.7534;2.3096;0.6324;0.3211;21.6882;10.136;6.1702;10.908;208.754;0
13.146;10.549;2.1861;0.7818;0.4788;-13.3894;-4.7839;10.6094;15.9662;142.35;1
35.0878;18.8217;2.7165;0.3374;0.1729;-42.9991;-41.0107;12.7714;26.1555;75.6824;1
94.6136;17.7329;3.1317;0.202;0.1154;61.8411;64.8482;-11.1942;60.8088;209.6546;1
191.611;24.4014;3.1217;0.2773;0.1522;-63.1788;-243.757;12.5444;17.321;164.423;1
81.4662;30.4227;3.2921;0.2174;0.1406;-44.1152;-43.2423;-7.2463;4.047;297.312;0
10.0244;3.137;2.3919;0.6609;0.3659;17.3775;8.209;5.0734;59.8434;86.024;1
44.6503;14.705;2.5051;0.5344;0.3203;22.3025;53.1155;12.5878;26.3364;187.865;0
20.8833;16.8717;2.5611;0.5687;0.3585;-5.7111;16.1787;-11.0063;17.9992;249.174;0
28.1841;21.0642;2.6449;0.3533;0.2254;8.7045;22.6026;17.7324;54.1575;99.7971;0
12.602;11.8298;2.0354;0.7005;0.3733;15.9804;-9.2568;-9.7269;81.4811;135.762;0
102.346;12.357;2.5871;0.3855;0.2031;60.5695;94.1301;-9.5447;20.689;194.181;1
19.5342;7.4326;2.1717;0.7273;0.4343;-0.6138;5.5237;-4.7598;25.883;115.52;0
102.592;40.1604;4.1483;0.0921;0.0476;48.3885;84.0123;-17.1179;1.352;293.871;0
38.8512;20.1021;3.1089;0.2669;0.1436;10.8351;-28.2692;3.7886;2.1568;168.886;0
12.7261;11.6556;2.0473;0.7175;0.3812;15.4734;-7.7999;10.9133;63.531;121.872;0
70.9683;9.6807;2.6726;0.3167;0.1605;-63.4985;56.888;-4.0507;5.1398;298.695;0
32.4488;10.7041;2.3233;0.5083;0.3017;39.8096;-3.8169;4.3102;14.539;233.384;0
20.3579;14.379;2.5224;0.4625;0.2898;-0.6729;7.0023;6.5538;26.143;121.173;1
61.0809;11.3314;2.8912;0.3594;0.1866;18.274;25.7627;-9.1619;76.3962;61.8098;1
34.2298;11.7386;2.6091;0.4403;0.2399;30.4891;32.3912;6.4692;14.5626;162.682;0
21.1547;9.6927;2.4502;0.6277;0.3564;-1.2294;13.5207;6.454;42.3649;144.989;1
179.9872;60.3431;4.526;0.0133;0.0011;-314.5464;138.3554;-16.6941;70.9233;147.3008;1
12.7148;11.6813;2.1351;0.7179;0.37;15.308;-6.3158;-11.411;11.412;203.499;0
20.4949;8.4959;2.4116;0.6744;0.4516;20.0534;15.4163;-2.4494;51.998;114.486;1
29.5906;18.5962;2.7122;0.3899;0.1988;20.2784;16.6716;9.4868;16.103;130.696;0
33.0532;16.455;2.9125;0.3193;0.1645;8.6542;18.3475;7.3028;9.549;190.467;0
122.654;22.4054;3.2621;0.192;0.1031;-94.3098;82.4974;21.9925;50.152;267.859;1
89.7464;26.389;3.0676;0.2037;0.1125;-21.4687;57.6075;-16.9868;2.036;305.043;0
19.4433;14.7756;2.4273;0.5458;0.3308;-2.3428;15.6273;7.9397;64.4617;149.542;0
84.6703;14.4573;2.6537;0.4417;0.2741;-74.2941;-30.7359;-8.6304;2.4533;306.127;0
16.0444;11.5568;2.3324;0.6186;0.3884;-0.1498;1.9805;7.5489;54.614;89.2314;1
144.651;40.3478;2.938;0.6182;0.4988;-74.6539;-155.489;-42.0003;38.0104;280.051;1
59.8576;20.2588;3.0846;0.27;0.1362;-106.064;35.8249;20.2197;0.9629;315.114;0
19.1372;12.2128;2.499;0.561;0.2964;5.1772;-12.0916;10.3267;4.7392;220.476;0
24.7413;11.8362;2.3892;0.4571;0.2796;-11.0853;-12.3674;7.0254;78.901;156.78;0
79.0402;22.2641;2.8467;0.34;0.1855;-96.35;-59.3983;4.8192;5.2436;229.5046;1
77.4226;23.6353;3.2464;0.1656;0.0887;74.7072;66.3441;13.5546;3.438;224.026;0
51.0814;14.5175;2.8774;0.431;0.2566;-35.7202;35.1498;9.2712;0.559;294.746;0
33.9272;21.317;2.6488;0.2626;0.1336;20.5036;-28.0379;-9.9845;78.655;69.2058;0
19.7929;7.0144;2.2266;0.8012;0.4303;20.4167;13.6678;4.6913;3.82;175.94;0
150.3307;28.3722;2.6636;0.3334;0.2203;-85.6707;-117.0066;17.0024;52.7773;202.7992;1
58.9042;25.5496;3.1488;0.2641;0.1608;-43.8206;31.3971;-19.5009;2.3595;286.875;0
50.2103;18.7904;3.0599;0.2352;0.1267;21.1888;37.3658;-9.2378;10.563;266.606;0
44.7031;17.1327;2.7356;0.2592;0.1406;40.896;34.1904;12.0711;4.2607;178.772;0
29.6979;0.0;2.3284;0.6338;0.4014;0.0;0.0;-17.6355;9.01;105.221;0
66.7957;22.9932;3.5853;0.1884;0.0968;79.6674;54.8701;19.9079;0.806;238.402;0
31.6768;11.5698;2.6107;0.5;0.315;-11.2555;15.8089;10.6832;0.1453;155.778;0
72.912;10.4211;2.6693;0.394;0.2131;20.5709;77.5674;4.8373;9.402;235.075;0
60.9779;26.6307;3.3714;0.2326;0.1248;-38.9167;52.4539;-10.4765;0.3079;291.047;0
44.6982;24.4149;3.0915;0.1977;0.1065;6.9787;15.1799;17.3405;25.5856;116.027;0
50.4152;22.9184;2.9552;0.1962;0.107;52.5727;19.6213;7.7559;15.5478;158.086;0
22.1114;10.4427;2.2068;0.5652;0.3075;22.9016;18.6701;10.7207;41.7053;129.155;0
48.9319;19.9172;3.1913;0.2259;0.1271;26.6507;49.5332;-10.1152;1.645;235.795;0
24.1407;10.3973;2.4241;0.5687;0.3446;-15.1117;-19.6333;8.6287;2.541;180.903;0
53.6201;20.2256;2.6547;0.4009;0.2492;48.1771;47.9499;7.6072;41.257;158.948;0
38.3285;18.183;2.842;0.2532;0.1388;-39.1088;-26.7741;12.6358;13.576;208.581;0
20.3349;7.2629;2.0663;0.7296;0.382;-2.3018;9.7089;-5.6116;9.4078;183.373;0
57.6274;21.8351;3.1316;0.1816;0.0844;13.6572;57.9148;-10.5458;15.9668;107.342;1
44.2256;19.3192;2.7513;0.2996;0.1516;38.4027;19.0718;6.3077;4.217;205.962;0
71.4461;19.1675;3.043;0.2255;0.1164;59.4336;63.4758;9.6581;6.252;197.928;0
19.8208;7.3561;2.1658;0.744;0.413;-2.2636;8.9972;-5.0596;20.5231;217.088;0
24.3458;12.7027;2.4609;0.4498;0.2785;17.4634;16.5208;7.6723;29.107;114.982;0
75.5269;27.044;2.9243;0.2172;0.1235;-65.1817;-77.1423;19.4491;51.0827;142.5482;1
100.534;42.8958;2.871;0.2194;0.1178;19.4933;50.5432;-39.0338;1.9948;286.301;0
24.8831;12.3282;2.4132;0.4893;0.2782;29.306;15.2402;-3.1753;87.4535;174.1535;1
118.1155;27.9996;2.8093;0.3457;0.2161;-136.5525;97.337;24.5883;7.7543;291.4659;1
96.8578;39.4755;3.9903;0.1204;0.0679;-59.0369;66.0291;-26.431;3.8107;340.996;0
94.9418;44.9116;3.9991;0.1081;0.0598;105.961;77.8459;-13.5303;9.74;225.566;0
24.6708;14.9745;2.5883;0.449;0.2594;18.6758;10.3846;-9.3636;21.4367;176.784;0
180.996;145.783;4.4571;0.0516;0.0277;-63.5218;-160.89;132.388;67.1736;291.994;1
19.4019;12.8113;2.5838;0.5476;0.3194;-12.0816;-15.4461;-7.1279;12.6022;195.098;0
21.9365;11.2057;2.2405;0.5977;0.3649;-14.9529;-19.5206;-6.3874;57.4577;25.4976;0
81.4119;37.6561;3.9915;0.1098;0.0571;81.8419;72.8704;-28.5965;0.256;219.208;0
152.8;41.7867;3.3937;0.1434;0.0766;-263.426;89.5195;-36.1643;53.7624;254.284;1
24.0622;16.89;2.705;0.3925;0.2554;-9.7228;-15.0203;9.47;8.065;158.02;0
23.6261;14.3355;2.6707;0.4418;0.2487;17.3929;6.9804;7.1168;10.738;201.391;0
13.0952;9.7869;2.2317;0.8152;0.5484;-11.6881;-8.6473;-10.1107;65.2818;212.609;0
39.3506;26.2584;3.0406;0.1767;0.0906;-28.3983;-21.481;-13.9053;9.66;211.026;0
61.1326;19.6959;3.2777;0.22;0.1153;24.4899;67.0374;10.0337;6.887;233.925;0
36.2613;26.331;2.8045;0.3765;0.2173;23.9894;37.0355;28.4711;43.694;217.887;1
52.5503;17.4617;2.6547;0.2547;0.1318;-45.7927;23.598;16.006;13.0019;143.363;0
19.7589;17.7759;2.4023;0.5703;0.3347;23.7332;10.8061;14.1685;30.1602;127.01;0
31.2015;16.6085;2.616;0.3801;0.2216;-45.0612;19.1054;-11.1177;47.1486;70.6447;0
51.6337;14.0939;2.5302;0.3304;0.1844;-44.4812;-32.9212;5.9161;13.666;173.496;0
21.6754;15.56;2.4393;0.4473;0.2782;24.0564;16.0578;0.5722;32.744;72.7002;0
22.5867;14.5376;2.317;0.4916;0.2964;-31.6634;16.1668;-4.383;48.751;244.633;0
13.1727;10.6312;2.3701;0.7804;0.4627;-13.7368;-3.976;11.0204;69.031;223.852;1
49.5366;25.5985;2.9023;0.2279;0.1146;54.8471;44.6411;-20.5584;13.989;287.843;1
268.8506;28.0537;2.9917;0.2521;0.1248;-260.1539;-293.1762;20.7527;57.4598;335.4295;1
38.4841;10.1119;2.4594;0.4549;0.2552;42.9998;27.7518;8.239;11.9867;193.958;0
57.5315;13.503;2.8069;0.2746;0.1412;-25.774;-10.5913;-1.4559;7.4165;169.469;0
12.869;10.5742;2.1608;0.7849;0.4406;-18.1714;2.787;-14.1569;37.4304;227.1803;1
107.219;43.8984;3.1741;0.1333;0.0693;-173.907;67.392;-30.0256;4.3625;226.225;0
56.1591;13.6759;3.0076;0.245;0.1303;-44.5601;27.6214;-1.4596;73.7683;257.27;1
43.9643;15.1253;2.8454;0.3212;0.2034;-24.454;-25.9433;11.334;1.228;171.96;0
20.6987;13.6872;2.4742;0.5671;0.3339;21.9694;16.0626;-3.8453;85.8793;161.453;0
31.0773;13.4809;2.4322;0.3808;0.2237;-20.9866;-22.313;3.8404;1.8695;213.431;0
21.181;12.7713;2.3551;0.4459;0.245;15.1731;11.5618;8.5996;9.109;183.85;0
180.692;56.3602;4.1013;0.0459;0.0244;-147.411;-108.561;24.3209;89.9798;231.756;1
21.6639;10.6492;2.2577;0.558;0.2845;4.8909;-17.3416;-7.7182;3.033;113.216;0
19.9855;17.8006;2.6581;0.4046;0.24;0.0041;29.1033;-13.4295;87.1498;245.888;1
102.673;84.0216;3.6122;0.116;0.0614;-37.2418;60.6681;85.3448;59.352;302.999;1
15.2647;5.8096;2.2321;0.5464;0.3281;9.7371;7.7963;5.4489;71.2641;248.9294;1
20.9486;20.5217;2.7067;0.3674;0.1955;19.9519;14.7196;11.3278;46.2761;155.721;0
55.7731;17.4901;2.6781;0.2497;0.1291;-81.1278;34.8251;12.2306;10.4898;187.696;0
103.531;42.4597;3.2872;0.1316;0.0705;74.8034;101.856;20.6711;2.739;122.014;0
16.2783;11.2812;2.281;0.6073;0.4058;0.3441;-2.6189;-7.9878;69.623;147.614;0
38.8614;8.9313;2.7134;0.418;0.2269;9.8071;4.0011;-7.0775;84.5782;173.0554;1
21.7358;10.5355;2.2695;0.5753;0.293;17.5263;16.8871;-4.7663;41.1555;80.2342;0
107.2769;56.6684;3.8065;0.1173;0.082;-202.0827;90.6892;25.8516;48.5291;308.2689;1
12.8465;11.3958;2.0986;0.7251;0.4183;-15.0141;8.3864;8.8695;67.814;122.773;0
73.5167;12.1429;3.0099;0.3203;0.1552;0.6268;58.406;-8.1276;16.3814;199.8284;1
19.4375;11.853;2.5557;0.5786;0.299;-4.0616;9.7467;9.3438;36.997;225.103;1
24.8026;12.3618;2.5888;0.5103;0.2719;-15.3475;-19.6834;-4.8639;7.5907;123.204;0
18.3436;9.9863;2.3201;0.6986;0.4569;5.4333;-14.2569;-7.0224;15.6436;123.784;0
55.7065;18.7898;2.9948;0.2662;0.1473;0.649;47.6613;-17.1832;5.801;210.272;0
170.743;101.479;3.9528;0.1042;0.0582;-58.2791;-143.024;29.7954;63.52;190.415;1
13.3605;10.5168;2.1833;0.7934;0.4033;14.8849;2.5413;-11.8987;43.485;230.569;0
81.8524;27.0644;3.3412;0.1901;0.1251;-94.2813;59.1152;25.6115;2.8559;236.44;0
118.7704;27.1813;2.8132;0.3339;0.1783;-85.8392;63.6855;14.2655;32.8043;255.629;1
51.1033;31.5236;3.7553;0.1442;0.073;32.2683;29.0547;21.0076;3.2945;140.58;0
13.376;10.2156;2.2368;0.8058;0.4667;13.6339;6.3361;11.5249;75.648;109.751;0
54.5553;20.935;3.0344;0.2236;0.1436;29.2052;41.3859;-12.9588;4.504;87.4514;0
61.9634;16.4467;2.9489;0.2947;0.1558;22.6035;62.9595;-13.9362;3.9656;233.15;0
26.9307;9.4717;2.5496;0.5444;0.3145;-10.3948;-17.7343;-8.2846;76.685;204.03;1
18.7081;16.3803;2.4749;0.5226;0.3032;24.4093;-3.8482;16.7391;81.6908;200.766;0
102.45;27.5832;3.0728;0.208;0.1129;-166.114;79.8849;23.9538;9.451;197.165;0
33.4992;12.012;2.6248;0.4413;0.2859;38.7827;20.6561;11.1602;16.2492;197.929;0
32.8576;19.4994;2.8341;0.3223;0.2103;-16.6984;-25.2183;-7.2524;57.3468;19.888;0
45.247;18.3274;2.76;0.278;0.1642;50.1893;35.1825;-14.4645;2.3869;200.363;0
35.6734;17.9468;2.8825;0.2844;0.1723;-25.2885;-19.74;-5.5409;5.955;112.79;0
91.1969;14.5046;2.7539;0.2328;0.1223;-33.2951;-86.4845;-8.9952;67.6457;184.9734;1
36.544;23.6759;2.8932;0.3156;0.1662;2.0973;17.8686;-16.6725;44.8927;263.7605;1
22.3851;12.6677;2.2695;0.5914;0.3038;-17.4015;-7.0134;-9.3782;12.169;139.725;0
39.5388;8.7202;2.6085;0.4631;0.2401;25.2834;32.4583;2.8756;15.032;292.171;0
180.7054;99.6185;4.1567;0.0871;0.0191;170.8173;-124.8521;-57.0857;68.8813;303.1109;1
19.6908;9.72;2.3054;0.5792;0.3243;-24.1813;-9.5954;3.0192;25.149;174.422;0
20.5417;9.6425;2.2095;0.6296;0.3796;-5.2476;15.8398;-10.4946;20.5917;149.561;0
38.5817;20.6407;2.9852;0.2566;0.1392;37.7217;22.0848;12.3099;11.932;192.44;0
24.6189;12.2696;2.4713;0.4291;0.2416;7.6665;10.5904;-8.5568;71.151;221.37;1
19.2472;9.7899;2.4518;0.6078;0.3163;-23.9898;-9.4893;-5.2823;1.7684;131.94;1
44.2348;14.3562;2.88;0.4258;0.2406;40.7821;41.1823;16.028;5.248;268.169;1
56.7399;12.663;2.8623;0.3915;0.252;-69.4074;-17.4876;-3.1904;7.2318;257.8398;1
17.5764;10.8668;2.3945;0.5927;0.3085;-2.858;8.6927;-5.6742;50.6709;116.39;1
71.3341;22.0743;3.7242;0.1212;0.1116;-45.2497;-59.6576;16.6974;57.6328;153.9082;1
84.61;36.4657;3.6809;0.1393;0.0714;54.4505;86.0228;16.1472;17.575;258.597;0
82.4652;25.5824;3.3445;0.2149;0.1251;-23.145;64.1073;-18.1143;1.343;337.274;0
103.501;20.0835;2.7135;0.3017;0.1809;93.077;57.4977;13.8904;3.679;183.439;0
34.8917;19.5163;2.6875;0.4086;0.2228;38.9418;-24.1026;4.0194;8.572;146.936;0
25.867;16.2597;2.5605;0.3989;0.2352;8.5181;10.8968;3.8152;3.665;86.6499;0
34.7049;17.8712;2.7118;0.3068;0.168;18.8845;24.4809;16.7615;16.679;135.966;0
24.4071;9.7823;2.4158;0.5067;0.3013;16.9043;-14.8797;4.8608;15.6776;104.576;0
105.0299;34.6312;3.2866;0.2641;0.1211;-46.7977;-39.862;-24.8515;18.5288;363.2486;1
32.3364;14.5867;2.4793;0.3582;0.1973;20.1292;24.5732;-11.798;26.53;143.245;0
79.7124;35.2208;3.3244;0.2914;0.1708;10.1771;-28.5291;-18.2423;2.129;340.809;0
96.8724;27.5535;3.1256;0.1947;0.1127;21.1073;96.471;-23.4008;6.0195;260.204;0
21.4278;6.8068;2.1222;0.7245;0.4264;-22.2295;-13.6566;6.3816;45.363;182.764;0
60.9604;24.3665;3.0065;0.2562;0.1443;-71.6707;31.34;19.6819;15.0473;272.608;0
21.9839;11.6782;2.4448;0.4991;0.2496;30.2995;-9.7678;-11.2571;19.9366;81.9712;0
17.9905;16.5548;2.1506;0.535;0.3094;-9.7798;-8.8554;-3.6987;49.2399;41.6891;1
34.2512;6.7906;2.3589;0.5821;0.3654;21.3696;21.6899;5.6587;43.554;134.486;0
42.3207;15.5822;2.8439;0.3367;0.1841;9.7475;28.7389;-10.547;9.1652;198.737;0
57.044;10.1702;2.9689;0.332;0.1677;-33.2251;-31.2401;-8.3251;19.5404;54.4481;1
15.1128;12.8535;2.1693;0.5886;0.2977;4.0244;-11.7264;5.3886;88.1898;224.1296;1
38.8511;17.2885;2.8724;0.2938;0.1764;34.7714;27.479;4.9562;2.089;154.78;0
51.7407;18.9125;2.9289;0.298;0.1667;45.7487;44.9422;17.1065;6.405;229.027;0
27.7247;18.9683;2.9467;0.3211;0.1815;6.7104;13.3236;5.632;13.846;67.3315;0
30.758;18.8554;2.76;0.3162;0.159;-44.0666;-20.7419;-17.113;0.5636;110.637;0
40.4316;10.0119;2.9407;0.2951;0.1696;41.3406;24.7242;-4.37;64.2689;235.0006;1
58.1694;9.9714;2.8261;0.3373;0.1709;14.9913;48.1614;-9.6553;4.321;122.912;1
34.9712;21.185;3.1217;0.2372;0.1281;0.0356;22.2313;13.1915;2.16;186.422;0
29.4778;19.7679;2.76;0.3076;0.1607;-11.0644;14.0597;-11.7159;16.05;152.973;0
91.4389;28.1738;3.58;0.2488;0.1361;-18.2016;-43.5379;-24.0957;1.088;402.724;0
45.9354;9.6648;2.5832;0.4439;0.2572;34.4624;29.6199;5.0541;0.077;201.373;0
63.4767;28.9711;3.3728;0.1318;0.0663;18.5203;37.3319;11.5376;11.8804;213.129;0
85.6689;20.4992;3.2064;0.2776;0.1505;86.5399;56.3097;-20.0672;6.1541;324.0638;1
89.3461;28.7796;3.587;0.1703;0.0894;68.7002;91.2057;14.8207;0.485;278.331;0
23.2781;12.7693;2.4533;0.5211;0.2623;3.1716;18.1523;6.4226;4.3351;200.442;0
23.5819;10.3709;2.4241;0.5461;0.3559;-5.6056;-18.9137;-8.4932;17.237;229.378;0
20.2845;5.6058;2.4278;0.7003;0.3743;42.4674;16.1903;-12.0711;88.897;256.3073;1
33.3767;12.7573;2.6212;0.3421;0.1974;-9.2543;-17.7165;8.0334;20.889;132.931;0
167.718;23.4327;2.6893;0.5521;0.3032;-111.4787;-157.4969;-12.3051;3.1952;402.3607;1
21.3067;10.7626;2.2625;0.6011;0.3251;16.6042;17.7574;4.9065;4.267;73.8729;0
88.4182;21.1515;3.1093;0.1727;0.1066;-24.4904;-24.3149;8.3027;75.3651;219.1073;1
38.4696;12.4768;2.5955;0.401;0.2069;1.9553;28.4496;-7.6765;37.3983;124.769;0
34.9637;14.2201;2.7709;0.3441;0.1856;7.8959;22.0566;10.7789;8.146;175.827;0
18.0868;7.3052;2.3865;0.8214;0.499;-4.4861;7.5943;-4.1761;86.01;112.546;1
38.0445;18.8426;2.6551;0.2677;0.1361;-59.5288;18.2479;14.8418;12.735;200.457;0
24.1674;18.4684;2.6294;0.3498;0.2031;12.3343;-10.8168;12.9669;8.688;229.638;0
22.6828;10.0152;2.3674;0.5408;0.2725;-4.197;16.9618;-10.3244;6.211;182.619;0
87.4511;16.3664;3.1035;0.2947;0.1935;-81.3535;58.967;-6.1429;60.7157;282.531;1
36.0844;29.3736;3.3897;0.1989;0.1001;17.0494;30.3396;16.044;22.925;72.6497;0
18.752;10.3507;2.2253;0.5298;0.2887;-24.589;-8.0999;-2.0675;34.485;159.232;0
60.1611;8.2925;2.3784;0.4268;0.2657;51.7509;42.835;-8.0922;87.6187;203.808;1
27.4283;13.5305;2.3493;0.4608;0.2438;-15.2415;-13.2167;12.8596;83.1842;170.572;1
23.4914;10.225;2.3181;0.5433;0.3005;32.2449;-16.329;-9.4179;60.5491;26.0889;0
18.8412;7.4896;2.1599;0.7405;0.474;0.2135;-3.3562;3.5175;45.2279;73.717;0
66.289;15.5237;2.9692;0.2453;0.098;-89.8677;38.0912;-20.5072;10.6781;267.7896;1
68.1948;34.0673;2.8782;0.388;0.1853;-38.5483;-63.0794;-19.1501;24.7067;318.6437;1
28.5152;16.8271;2.4646;0.4768;0.2487;9.1156;26.9885;-9.9707;48.71;252.451;0
19.6336;14.4125;2.5172;0.5015;0.3055;2.343;-10.3786;6.0382;32.2376;166.181;0
43.6825;15.1093;2.5011;0.3091;0.1562;32.9629;34.3084;13.0853;30.172;144.249;1
36.144;10.6632;2.8169;0.4192;0.2142;24.5525;28.8838;5.4101;68.5811;146.918;1
158.9083;20.8549;2.8054;0.312;0.1767;-110.9764;-87.252;5.8247;19.6468;103.4329;1
102.7604;21.2461;3.172;0.1784;0.1251;76.1983;62.9071;21.5339;69.6356;168.4826;1
22.6092;15.5101;2.7878;0.4971;0.2828;14.7947;17.7671;5.0887;15.158;225.91;1
23.2607;10.3084;2.596;0.5171;0.2725;6.2719;18.2477;1.1725;50.7563;180.135;1
27.3482;17.7958;2.6149;0.4175;0.2585;5.7333;11.4679;15.1441;18.766;130.22;0
46.3873;19.7589;3.0713;0.2181;0.1235;27.2279;-22.3624;10.668;3.387;194.539;0
17.9964;6.7132;2.3988;0.8743;0.4411;-9.455;11.6285;-5.4281;14.3817;148.136;0
26.9231;9.8339;2.4778;0.5424;0.3012;-3.6306;-18.1446;7.8116;5.887;133.769;0
31.9453;16.2592;2.88;0.3401;0.1931;24.5478;16.1951;-9.9875;1.2725;211.948;0
30.3292;11.6624;2.7392;0.5524;0.278;24.0177;26.7346;-11.2199;37.372;155.286;0
19.7725;12.5631;2.4108;0.4971;0.2777;-2.705;11.2371;-10.1412;43.561;99.4016;0
25.287;22.695;2.705;0.2978;0.1568;-4.1659;-17.8034;17.4908;1.151;154.61;0
19.4637;12.3425;2.437;0.5155;0.2907;0.0227;-9.5704;-8.3252;22.3975;159.558;0
20.7296;11.1599;2.3729;0.5975;0.3242;14.1091;18.5697;5.4079;44.263;80.0224;0
18.761;7.4257;2.3454;0.781;0.4718;-2.786;7.8638;-2.7913;86.5675;204.295;1
17.8657;10.8671;2.2529;0.5307;0.271;1.1828;-6.9055;-3.2113;24.772;144.251;0
19.2975;9.9982;2.2405;0.5517;0.2787;25.832;4.0307;-4.1581;26.997;233.159;0
45.4248;12.9191;2.7514;0.2972;0.1538;22.3442;7.1662;13.1082;65.8261;244.2702;1
32.5654;14.1048;2.6405;0.4119;0.2551;-3.3464;-12.1459;-6.3803;6.423;192.861;0
75.9021;22.406;2.5694;0.3342;0.1685;-87.2503;29.213;16.2202;4.814;271.558;0
80.0027;48.2562;3.3072;0.1439;0.055;63.4857;-39.8619;51.3988;13.4448;245.0247;1
84.4745;21.301;3.1755;0.2664;0.1392;-39.5699;61.0268;-6.2394;3.18;290.166;0
61.6586;13.8909;2.6702;0.4145;0.2147;32.4753;58.5706;10.0235;8.609;171.802;0
30.6697;21.2076;3.0378;0.2997;0.1618;-3.9523;17.1893;-8.1886;23.142;102.192;0
41.8269;26.368;3.0422;0.235;0.1202;24.1335;40.136;20.4737;29.392;173.613;0
54.0804;29.2149;3.0927;0.1995;0.1022;45.37;51.8585;-26.3901;9.9658;167.654;0
49.0913;32.9026;2.9773;0.1665;0.088;-21.5165;42.5905;-13.9013;7.0683;138.026;0
25.8767;14.9523;2.2279;0.5503;0.2929;24.1719;15.1802;-3.4092;27.242;147.698;0
19.4404;17.8671;2.5276;0.4303;0.2626;15.4818;16.4945;12.1093;81.7696;112.872;0
117.4;68.7559;3.5346;0.1483;0.0796;-94.2966;-115.342;47.8305;26.471;346.629;1
189.3819;72.1335;3.6951;0.1066;0.0148;-11.9832;-188.7183;-86.1642;4.5768;86.1266;1
17.1794;11.0764;2.2967;0.5909;0.3106;-3.1336;8.503;5.5613;13.117;209.617;0
16.8977;10.8718;2.2227;0.6347;0.3982;-1.5328;5.4024;7.8275;9.037;183.669;1
65.0483;33.8061;2.8254;0.2313;0.1398;-85.1316;42.9006;-17.125;54.1282;146.618;1
13.0194;11.1832;2.2565;0.7535;0.3961;14.9061;-4.7356;-11.6923;76.1181;185.248;0
126.6906;35.1435;2.9217;0.2681;0.143;131.224;97.9527;19.9734;65.8786;90.5509;1
40.9413;15.8429;2.7129;0.2979;0.1543;48.3746;34.9453;8.769;56.4333;202.8994;1
24.6345;15.3273;2.3304;0.3832;0.1939;11.2022;11.5547;13.8863;54.418;258.638;0
26.7751;18.1128;2.6556;0.4199;0.2155;19.1387;14.3378;-11.7582;66.0281;57.7037;0
37.0175;22.1042;2.7197;0.244;0.1287;23.741;31.345;17.0161;64.5625;104.106;0
65.6748;18.7886;2.8401;0.3512;0.1857;-46.1002;43.6162;19.0372;1.0087;294.649;0
158.9654;55.6146;3.6952;0.0639;0.0293;107.216;122.7247;37.5821;64.1905;178.2544;1
73.1913;27.9445;3.2926;0.3135;0.2149;4.7674;38.6748;29.0025;0.7768;345.9;0
67.1152;35.1811;2.7969;0.3384;0.2227;-33.559;58.7425;7.8771;40.61;184.465;0
29.6154;15.3251;2.721;0.3479;0.1797;36.0308;20.5275;3.5068;18.362;84.186;0
22.1356;16.1141;2.4548;0.4316;0.2368;-26.3294;-13.6323;2.1483;17.0656;243.741;0
83.7923;28.0451;3.894;0.1413;0.0741;40.6466;77.9063;-10.9351;1.061;250.673;0
52.8226;8.5884;2.7513;0.4311;0.2272;51.5839;17.0861;7.3753;50.6085;31.0405;1
32.8734;19.5686;2.8831;0.3063;0.18;12.5519;20.3134;9.6089;7.6229;163.69;0
30.154;12.0094;2.4928;0.4759;0.2813;33.3678;23.9532;-4.2966;7.271;183.715;0
21.4177;6.6608;2.1123;0.7413;0.4595;20.9604;15.1482;-6.3638;38.6953;121.457;0
149.445;87.2517;4.6444;0.0356;0.0179;-174.339;-114.413;69.7288;44.0915;242.466;1
36.3031;18.2894;2.9635;0.4751;0.2542;48.9326;25.0038;13.3115;34.0127;165.1138;1
61.3416;24.4418;3.5471;0.1549;0.0785;3.6469;60.7341;-8.9958;0.8541;186.119;0
24.222;17.8989;2.5;0.5288;0.3047;20.7204;-23.935;-5.1264;76.2937;218.5703;1
36.1823;18.2914;2.638;0.359;0.1991;-3.5161;16.0574;-13.5168;73.5459;75.9306;1
67.7139;28.5831;3.2384;0.205;0.1106;-133.645;63.1391;-16.6379;47.979;251.993;1
20.0686;14.4481;2.4786;0.5216;0.2708;-4.548;13.7631;5.9206;24.5094;128.512;0
49.3535;16.7676;2.8591;0.314;0.1653;-27.5496;-47.127;8.6592;12.9575;214.7;0
19.2454;12.1;2.5152;0.5679;0.3069;-4.5578;11.2168;-10.3992;15.623;156.531;0
30.7339;13.3786;2.5484;0.4583;0.3098;-17.5294;-25.4043;-12.3432;4.661;192.529;0
232.6742;83.883;3.4966;0.1553;0.1197;-248.6159;-196.129;39.3852;66.4043;254.3488;1
30.1451;20.7493;3.0537;0.3093;0.1639;-3.3422;25.0588;-7.3933;11.983;192.065;0
23.835;8.7207;2.5838;0.6102;0.4289;12.2334;10.9073;-5.2063;10.689;116.492;1
25.712;17.7167;2.7312;0.3454;0.1811;-9.1298;17.8809;-12.2771;50.8703;138.203;0
32.748;8.7535;2.4314;0.4519;0.2574;22.3976;17.2276;3.3865;8.4594;205.518;0
68.3319;28.4667;3.3377;0.1273;0.0655;-61.4948;-50.6911;20.1555;23.2244;114.844;0
32.5359;14.9203;2.6575;0.3322;0.2035;-15.1835;-24.1938;-6.4223;26.551;180.612;0
102.643;12.6776;2.7712;0.4098;0.2058;-119.478;-54.9847;-7.6049;18.8603;247.811;1
75.792;50.073;3.5819;0.1016;0.067;-15.0232;-79.4235;-37.5449;0.6296;217.9754;1
27.9623;11.7168;2.4654;0.4795;0.2894;-32.545;-19.6516;-6.3207;16.7287;149.648;0
32.5556;12.7421;2.527;0.3893;0.2244;18.6715;22.4613;3.236;1.1232;149.37;0
25.4438;16.3217;2.5605;0.3769;0.1884;29.0955;19.9386;10.3872;17.21;112.254;0
70.1731;16.8025;2.857;0.2502;0.1369;54.7492;34.9551;-11.2084;9.611;214.169;1
199.802;29.3315;2.5838;0.4042;0.2099;137.076;190.353;18.5193;40.5742;126.382;1
77.6496;37.4441;2.9766;0.2554;0.162;-56.584;-30.3797;26.0748;3.744;305.707;1
133.529;85.5088;3.8569;0.0822;0.0422;15.0008;75.7476;-35.4189;87.3269;382.337;1
31.5473;16.5484;2.5993;0.3371;0.2;-1.0313;-21.8471;11.3766;10.6245;196.962;0
60.0587;17.6117;2.7404;0.3164;0.1664;-44.1893;43.6811;-10.9394;4.862;286.406;0
39.3999;7.8633;2.8318;0.4511;0.2875;0.425;25.3928;5.4316;87.4789;91.0664;1
28.5785;13.7052;2.5085;0.3752;0.1969;-15.0803;14.2798;-7.5102;14.972;241.804;0
26.8717;18.2984;2.4306;0.3377;0.18;11.1285;-14.7538;-15.255;1.8311;169.956;0
12.9336;11.1805;2.0952;0.739;0.4378;14.5081;-7.4438;-9.1835;44.4625;208.143;0
63.0614;33.1903;3.1278;0.1662;0.0846;-94.7434;24.0348;-31.785;45.916;274.406;1
24.7193;18.9698;2.5933;0.3648;0.2105;14.3989;19.6248;8.7439;61.8883;87.5641;0
20.7349;11.2396;2.2672;0.6162;0.3541;19.2833;20.0391;-10.9841;9.5667;140.395;0
28.0163;6.6576;2.3118;0.639;0.3439;15.5912;-6.1771;5.1057;21.279;251.667;0
38.7504;15.501;2.6508;0.4067;0.2112;-29.3864;-35.3548;11.4233;13.6657;175.622;0
41.3165;16.9678;2.8751;0.26;0.134;36.2994;21.4508;-15.6841;10.961;205.186;0
59.3377;26.1354;3.1764;0.3651;0.1975;2.3544;33.5577;13.8393;4.319;339.751;0
12.9627;11.2948;2.0663;0.7468;0.382;-15.0053;4.0567;-11.7542;61.5575;137.259;0
26.2755;8.9079;2.7999;0.5205;0.2757;12.9749;14.5442;-2.9468;7.3189;236.3672;1
123.756;11.6108;2.4526;0.5961;0.3439;-123.689;-84.3934;-3.3209;7.1941;311.726;0
20.3931;10.5634;2.3324;0.6372;0.3651;-19.5619;-19.1059;-11.41;62.8383;240.301;0
20.1503;12.4859;2.4749;0.4958;0.2697;-2.7652;12.3436;-10.2218;3.0331;163.523;0
70.69;20.5861;2.8865;0.2896;0.1474;-88.0805;37.3382;-10.6598;1.638;252.56;0
22.9965;11.3488;2.5949;0.5438;0.2986;-5.0415;-22.0568;6.5046;2.366;182.313;0
57.0527;36.147;3.215;0.3456;0.1911;-1.5925;46.8314;19.0895;9.093;341.91;0
18.5424;10.4038;2.2878;0.5619;0.2912;-0.8683;6.543;-5.2262;74.4102;92.1155;0
36.5676;18.5682;2.8445;0.3104;0.201;15.7735;26.7635;11.5514;15.939;135.915;0
17.6569;10.4081;2.3598;0.6419;0.3734;19.9805;12.0855;4.9973;19.9398;185.554;0
16.5149;11.558;2.2833;0.5938;0.2995;1.2281;-5.6061;-2.4139;48.896;199.29;0
12.8974;11.2377;2.2135;0.7278;0.4373;-14.5958;8.0007;-7.2282;67.4932;204.762;1
20.7693;10.3513;2.3054;0.6535;0.4282;-18.2017;-20.29;-11.7144;2.752;298.109;0
144.0407;41.1747;3.4371;0.1796;0.1163;-132.7411;-94.3278;-33.2305;82.1899;299.0168;1
19.9215;18.1894;2.5514;0.4747;0.2542;3.1557;-13.465;14.7762;40.256;130.425;1
15.9414;11.5176;2.29;0.6205;0.3974;1.8561;-4.0947;-7.8835;13.2657;162.959;0
265.5827;76.4762;3.1605;0.2898;0.1615;473.0654;-284.7038;40.4617;77.5514;175.0569;1
40.6332;21.8092;2.5933;0.3622;0.2079;52.5079;-23.0368;-14.1844;18.967;220.445;0
23.9467;14.5395;2.634;0.446;0.2404;-18.8146;12.5722;-8.6566;60.493;185.734;0
41.4518;12.2506;2.6707;0.3287;0.174;-16.7081;-25.38;8.5856;32.8027;38.5209;0
69.8921;18.9497;2.8283;0.294;0.1656;-120.499;58.4752;-9.0489;4.442;260.136;0
43.6057;24.0398;2.9358;0.233;0.1316;-40.4184;23.3319;10.5551;6.886;168.451;0
30.9635;18.6194;2.8552;0.3001;0.1654;24.4173;18.6112;13.7826;4.875;103.958;0
24.0731;15.3635;2.666;0.3862;0.1931;9.3779;10.1588;-13.1544;0.132;146.121;0
81.7977;35.6466;3.7048;0.12;0.0707;-93.6769;53.7303;-27.9101;2.985;246.496;0
31.3791;20.9045;2.8558;0.3596;0.1958;26.2155;29.2661;-18.1936;79.437;222.872;1
22.7566;11.795;2.4158;0.5797;0.405;23.1034;16.5853;-9.3735;43.3032;171.037;0
35.0575;19.9323;2.8876;0.2876;0.1483;29.6089;30.2589;5.0611;1.273;187.037;0
40.9031;9.2502;2.6684;0.2916;0.157;32.4664;-18.3601;-11.4804;66.4239;126.0903;1
38.5725;12.5664;2.5132;0.5061;0.3236;-26.1194;-27.791;6.9751;12.14;163.313;1
26.3331;13.2689;2.3377;0.521;0.3009;-8.2202;17.9252;0.4299;34.5949;268.2667;1
28.6893;19.4822;2.634;0.2811;0.1429;28.5064;-14.0549;16.0918;43.7063;91.0879;0
34.6633;14.7322;2.6604;0.3628;0.224;35.1217;25.8056;-10.9382;6.1287;143.96;0
119.9548;68.0008;3.2619;0.2476;0.1364;-20.0921;42.4992;80.8296;43.5955;372.3003;1
12.8515;11.4632;2.1917;0.7331;0.3891;-15.1548;6.5773;-11.3517;86.0453;219.583;1
28.443;23.9642;2.7173;0.28;0.1659;-26.3838;-23.1416;-6.7517;9.0922;179.118;0
29.4785;12.891;2.4306;0.3636;0.1911;28.8318;17.0786;-7.189;59.3545;107.011;0
161.5387;119.7201;3.8941;0.1005;0.0455;315.3522;-87.3341;29.0148;83.2382;285.93;1
46.3706;21.9331;2.9206;0.3109;0.1603;26.5122;32.6991;-13.6362;2.447;264.805;0
29.5519;15.6218;2.7486;0.3818;0.1971;-9.2178;-20.5552;3.9239;6.6996;140.956;0
65.7162;25.3132;3.5375;0.2184;0.1176;-70.1286;59.1235;4.056;0.187;291.357;0
141.751;34.0218;3.3695;0.1542;0.0822;54.8349;-43.7088;33.6065;4.48;106.368;1
95.5716;29.1767;3.3524;0.2212;0.1224;-5.6521;-7.9173;-14.2512;0.239;354.169;0
200.1055;92.8443;3.3265;0.2851;0.1939;-141.2492;-229.1579;39.1106;8.5877;214.2675;1
187.4254;36.4627;2.8737;0.2731;0.1458;217.9336;90.0964;-21.5542;9.0153;238.0995;1
24.1401;15.4525;2.4393;0.4182;0.2273;-17.5407;-15.9255;-12.8517;11.711;166.719;0
40.0726;9.6414;2.7745;0.3731;0.1958;2.5486;27.4033;7.0858;15.5932;188.699;1
28.8863;6.8206;2.3232;0.7722;0.4416;-10.2657;-17.983;4.8526;54.9821;121.1793;1
238.1686;84.5643;3.6106;0.124;0.0859;-175.5476;-93.5337;-82.8953;59.5554;175.1797;1
31.4793;12.9854;2.5121;0.5602;0.3207;22.9031;10.3944;8.4767;61.4791;151.7632;1
98.894;45.5173;3.9102;0.1345;0.0677;28.5925;55.4542;-26.9909;2.727;353.646;0
35.3067;15.7496;2.7966;0.3482;0.2053;46.5003;23.9515;2.4949;4.2873;196.75;0
20.5116;12.1955;2.3375;0.5011;0.2828;0.9951;-6.0133;-10.8397;17.229;140.762;0
30.1747;17.1108;2.7723;0.3091;0.1748;12.8834;24.3136;1.7449;1.76;150.329;0
52.385;39.3619;3.0348;0.1716;0.0835;-14.1773;-52.7253;-26.9833;72.0321;171.9525;1
92.2265;26.4529;2.9077;0.1719;0.0872;-120.69;80.8701;-11.3944;5.0667;220.885;0
18.9645;12.9814;2.527;0.523;0.3105;10.1536;12.8059;4.7404;18.749;187.018;0
71.1997;13.3094;2.8195;0.3045;0.1614;-89.4882;50.7503;9.0471;8.079;250.935;0
76.6778;20.1766;2.8212;0.2838;0.1517;-83.4907;54.4859;20.7574;1.2118;257.408;0
23.7928;13.9277;2.5422;0.6169;0.3142;0.7255;18.5548;-15.56;74.5814;223.055;1
20.5155;11.8943;2.2405;0.6322;0.3592;-10.0574;-20.4458;-7.0672;82.7705;218.241;0
61.7708;27.3866;3.4156;0.1675;0.0901;36.2166;51.8023;5.5884;3.0719;252.53;0
27.7395;9.7449;2.5998;0.5545;0.3126;9.1845;19.8611;11.756;20.0791;84.1283;1
67.7065;19.3835;2.8491;0.4572;0.2923;-2.9579;-51.6782;-10.6018;51.748;322.295;1
54.3183;28.9118;3.8108;0.1382;0.0717;24.051;26.1928;16.6826;4.6472;131.492;0
76.7351;46.0491;3.1308;0.1336;0.0627;73.774;72.7808;36.1564;2.1935;189.5165;1
72.3176;22.1964;3.0745;0.2364;0.1243;-5.6449;-39.3515;20.9782;46.5918;230.2038;1
17.8001;10.926;2.1673;0.5306;0.2687;0.0;0.0;2.386;90.0;194.898;0
102.077;17.4616;2.9943;0.2979;0.1727;-150.671;48.1427;-16.7787;4.3488;271.352;0
29.3039;20.1568;2.525;0.4149;0.2104;46.3511;-23.0844;11.8314;12.8835;166.381;0
107.7974;19.0251;3.1179;0.2478;0.1498;-88.4741;56.679;7.3541;47.4624;288.7697;1
49.8986;12.6365;2.5172;0.3191;0.1626;-47.4998;17.2189;-8.8468;35.934;204.903;1
16.2518;10.4497;2.4513;0.606;0.3333;-0.1087;-8.2122;8.7514;40.5029;94.633;1
22.6121;16.0956;2.7328;0.457;0.2692;3.0758;16.6688;-13.5097;29.9812;153.497;1
197.743;52.6165;3.3507;0.1592;0.0814;-108.831;-270.639;38.676;1.161;269.186;1
74.4746;13.4246;2.9717;0.2818;0.1435;18.4636;76.5354;-9.3669;5.847;286.639;0
30.2753;6.5382;2.7286;0.6516;0.3564;-6.4232;15.8474;-6.1027;7.9518;199.3748;1
157.609;57.0586;3.915;0.0737;0.0381;-26.9279;129.47;49.2551;67.313;279.262;1
24.6256;20.4027;2.7742;0.3583;0.1825;0.7576;21.6776;13.1129;29.3898;163.495;0
127.9027;57.0209;2.6942;0.3685;0.1846;152.7872;80.1306;-56.8952;45.4631;305.8764;1
22.8824;10.4655;2.243;0.5314;0.2771;-24.5527;-18.0838;10.0962;15.91;170.332;0
54.5985;20.5114;2.7427;0.4286;0.2251;-25.3734;-28.8119;-15.5386;3.679;316.423;0
21.4397;10.5758;2.485;0.5696;0.3355;13.4978;-14.2692;-6.2677;84.1039;221.567;0
35.0589;18.0992;2.7672;0.3197;0.1718;22.436;23.1774;-12.4873;4.391;74.6131;0
161.127;69.6719;3.3498;0.1032;0.057;-50.9245;-194.392;-64.005;89.8286;202.183;1
85.3814;18.3917;2.7931;0.3011;0.1957;-70.2899;-58.7193;-15.0238;1.869;259.995;0
28.8128;11.5802;2.6767;0.5032;0.3168;3.8717;-11.3303;8.7701;46.5083;184.127;1
52.1302;21.3653;2.8808;0.2697;0.1428;11.3057;41.292;7.9555;1.8987;249.539;0
37.2618;13.9046;2.695;0.3249;0.1907;21.9309;19.2815;-6.6054;11.346;230.953;0
27.6162;18.0869;2.6309;0.3275;0.186;-11.8881;-13.0222;6.0149;85.521;72.3563;0
26.6961;17.6852;2.5988;0.3224;0.1725;32.869;23.2333;4.8227;50.74;169.054;0
21.5093;11.4671;2.7017;0.4379;0.249;7.1733;14.4059;10.3611;27.7193;175.9077;1
40.5294;25.3198;3.223;0.2054;0.1259;18.762;37.1673;15.0083;15.2303;257.5868;1
21.4698;12.641;2.4273;0.5196;0.3047;-15.8296;-14.9856;5.2936;4.589;151.69;1
29.3119;6.4782;2.3424;0.6091;0.3114;-34.2537;-19.6348;-2.6515;63.188;134.882;0
59.6365;23.1925;3.0938;0.1918;0.106;18.8051;42.1395;-7.3426;10.208;226.462;0
88.4197;23.2053;3.2221;0.3664;0.1838;28.1217;-20.262;21.0801;0.1076;389.734;0
123.4954;33.1853;3.5515;0.1224;0.0849;-41.6601;-182.7114;-27.3945;11.7776;168.0363;1
57.0829;23.3635;3.1016;0.1899;0.0962;48.6042;45.5444;-4.0477;6.6582;150.17;0
113.854;23.581;2.8476;0.473;0.2834;-82.8811;-90.7664;14.6435;18.826;326.649;1
23.5902;18.6453;2.6702;0.3868;0.2105;-13.1999;-19.0022;-9.3453;46.8127;41.6219;0
70.8595;37.3941;2.955;0.2751;0.1503;80.1679;-29.1591;-25.3491;10.077;181.839;1
32.6557;14.4534;2.8267;0.4098;0.2198;-8.3825;23.8199;-6.8912;21.475;227.561;0
31.4511;22.2625;2.8943;0.338;0.1805;14.4846;18.2086;-17.4056;9.1233;242.491;0
18.9069;13.6793;2.5205;0.5792;0.3394;-7.0648;16.3617;3.3348;50.2541;132.657;0
35.225;18.2119;2.902;0.287;0.166;27.6093;25.4402;8.548;27.2776;168.34;0
96.9929;31.5506;3.0039;0.1903;0.1046;-108.296;49.7386;-12.1159;39.0835;247.85;1
82.613;22.0932;3.0934;0.172;0.0854;1.2634;47.923;-8.3702;45.235;219.7742;1
36.5196;33.7385;3.0812;0.175;0.0933;-19.7906;-14.8072;24.3361;28.845;117.723;0
49.6147;25.7584;3.2715;0.2151;0.1292;52.3369;49.3716;-12.6769;1.3872;239.75;0
27.7187;7.2161;2.3222;0.6095;0.3405;6.7161;13.3383;-5.1123;17.488;59.1391;0
41.0165;21.9082;3.0461;0.2725;0.1443;37.8673;32.1565;-11.8213;2.635;89.7379;0
91.3972;24.6923;3.0794;0.3836;0.2533;-89.6152;-81.031;13.0566;35.876;289.0848;1
25.643;13.8085;2.4409;0.4058;0.2047;28.4416;20.009;-7.4265;33.9455;67.7682;0
20.4837;10.9382;2.2405;0.5977;0.3075;-6.962;17.8283;-7.6208;45.65;110.864;0
33.1272;20.3221;2.5447;0.2728;0.1766;-11.8518;20.7825;-16.4027;84.9179;193.4097;1
35.0447;21.8043;2.8814;0.2457;0.1281;-13.1367;-31.9521;13.7013;2.232;219.478;0
69.7228;29.4108;3.4686;0.1812;0.0926;-39.9696;68.3345;22.2578;2.0787;290.624;0
35.3812;17.6422;2.6556;0.3735;0.2287;-10.3708;-22.15;-18.4285;15.8702;236.856;0
13.7784;9.4179;2.2776;0.8443;0.4354;-14.6666;-4.6403;11.659;42.5529;145.204;0
96.2951;37.594;3.6512;0.2069;0.1231;-81.4469;45.7537;28.3626;2.399;340.27;0
38.5173;10.1657;2.5605;0.3961;0.2022;-16.4005;23.9759;6.2005;7.331;193.494;0
92.8599;23.6894;3.1769;0.1709;0.0513;-70.5047;58.4431;22.9366;44.6544;215.0913;1
46.4657;19.0171;2.5334;0.366;0.1859;-48.8605;27.6434;4.0109;2.4817;292.23;0
36.6127;15.1914;2.5927;0.3653;0.1954;-36.5592;-34.1768;-8.3285;2.269;201.711;0
26.2813;11.4371;2.5126;0.51;0.3303;-6.922;-18.2562;-10.1384;22.598;173.144;0
94.5686;26.0261;3.6254;0.1374;0.0693;-68.1777;80.6913;5.0962;3.863;293.298;0
17.5048;11.0088;2.2122;0.546;0.316;-0.1748;3.3504;5.654;5.9071;156.575;0
27.5587;9.1854;2.7751;0.4868;0.2658;11.077;0.4856;9.8768;33.658;217.4068;1
42.2453;10.8869;2.601;0.3484;0.1942;30.026;24.9977;-5.844;7.6092;132.882;0
20.5056;12.823;2.3531;0.51;0.2683;9.9865;14.0662;8.7369;1.701;205.635;0
19.8183;7.3691;2.1569;0.7387;0.4146;1.892;-8.4532;5.0759;17.8692;249.918;0
55.7126;12.7398;2.9406;0.2687;0.1597;-17.0784;-21.365;-6.4121;51.6743;85.4303;1
114.12;35.7247;3.255;0.1406;0.0714;-72.1128;-18.4049;-22.9739;56.5554;273.133;1
47.0773;12.5447;2.6023;0.3294;0.1589;-21.0008;-12.4242;7.2036;26.9054;221.7892;1
34.4576;15.5033;2.6618;0.2941;0.1514;26.7966;19.7658;-8.7048;20.2125;209.434;0
28.4509;6.2218;2.4378;0.6752;0.4325;-27.3687;-23.723;3.7167;9.2887;233.044;0
87.3343;58.5352;3.8619;0.1653;0.1011;-96.7451;-57.552;-31.9197;1.1715;387.7073;1
27.3178;11.8683;2.5132;0.454;0.2684;6.4308;21.9334;-11.2211;5.2524;156.958;0
37.5719;10.1147;2.7853;0.4443;0.2254;31.2099;18.2122;6.5291;67.624;143.643;1
27.0104;19.1173;2.5224;0.3093;0.1607;-37.1599;-6.568;15.2294;11.766;265.93;0
94.4692;30.4196;2.9085;0.2136;0.1265;-124.042;79.9422;-19.1378;10.5067;218.834;0
71.8916;32.0685;3.662;0.226;0.1299;-39.9444;57.9611;26.3802;4.088;299.69;0
56.6471;23.4727;3.0654;0.3234;0.1708;-56.3223;40.8411;19.1479;8.8062;285.064;0
149.545;35.5752;3.3561;0.1735;0.0887;-54.0293;107.078;30.6711;51.0768;291.401;1
215.0162;83.461;3.3843;0.1876;0.0776;-278.17;-160.962;83.6411;63.9819;207.9776;1
74.5253;25.4305;2.9055;0.1777;0.1038;-101.878;-57.1529;15.8341;10.152;237.673;0
60.7647;16.9221;2.8998;0.2481;0.153;-2.8043;-38.8922;11.2894;1.649;179.607;0
141.967;51.2485;3.1421;0.2358;0.1273;-155.744;103.076;39.6457;47.14;274.685;1
17.4438;10.9177;2.1959;0.586;0.3408;-1.1321;6.014;-6.5272;17.8368;53.7308;0
104.5871;37.1702;3.2437;0.2562;0.1144;-80.5862;-99.2532;-24.5775;8.4966;393.3124;1
80.9416;26.1937;3.5336;0.1706;0.0947;-84.8159;60.5693;22.9385;0.0974;275.661;0
18.2772;17.6995;2.3191;0.4652;0.2422;10.3473;18.0634;-10.1295;53.8203;145.464;0
126.5051;86.495;3.3422;0.3189;0.1523;-221.0336;102.9845;57.6741;51.0941;333.6983;1
61.596;20.4676;3.3757;0.1848;0.0987;58.0284;49.7748;-10.6349;0.488;213.798;0
44.6257;17.3928;2.7846;0.2726;0.1404;10.046;36.8161;13.2095;19.3827;175.413;0
36.9766;9.2718;2.5562;0.5747;0.2956;21.4842;14.9799;5.4038;79.7793;231.5184;1
35.807;24.4013;3.1178;0.2234;0.1193;15.4858;23.8735;11.4032;8.37;228.451;0
69.1062;26.4615;3.0156;0.1495;0.0767;-13.777;-23.6209;17.6167;9.783;172.123;0
78.6512;31.0313;3.2848;0.1744;0.0927;81.8203;76.3706;32.684;9.2693;263.055;0
152.893;36.004;3.0615;0.1953;0.1141;-152.978;109.93;23.0221;3.8617;177.848;0
50.0346;20.9776;2.9383;0.2963;0.1746;37.6013;42.5536;-10.2068;6.035;275.673;0
31.9031;23.5254;2.8146;0.259;0.1341;-26.3318;-17.8449;13.4901;42.0116;113.319;0
123.935;58.3488;2.8222;0.3163;0.1709;-175.845;-86.5982;31.9732;20.4454;152.573;1
23.3525;11.1607;2.5192;0.5234;0.2647;7.8794;20.6501;-6.2839;37.0993;202.753;1
13.0755;10.9705;2.1222;0.7623;0.434;-14.3699;5.0906;11.1162;25.914;247.099;0
22.4632;16.3469;2.4609;0.4048;0.2059;-24.0797;-11.1927;8.6936;16.2131;110.497;0
61.6991;12.3313;3.0035;0.2604;0.1548;88.3498;50.0728;7.6156;9.0509;212.5836;1
45.5945;21.2593;3.0538;0.2102;0.1144;-19.4628;-32.9385;6.9607;9.0222;216.746;0
21.4824;12.6292;2.3253;0.4444;0.2293;28.1533;11.1342;9.8983;35.8283;71.743;0
164.2923;72.6052;2.7509;0.3066;0.1572;-231.6025;156.2367;67.0884;8.7457;244.743;1
31.2921;14.1216;2.5959;0.3873;0.2125;-36.8947;20.1293;-9.0478;81.8892;235.6785;1
21.8891;10.6018;2.3979;0.584;0.326;-17.7036;-17.4299;-5.966;42.8297;128.422;1
29.8072;12.2518;2.4393;0.5018;0.2818;-27.7055;-16.8471;10.4134;22.5916;205.989;0
250.088;45.9908;4.0203;0.0752;0.0495;-353.26;-206.378;-18.5736;82.2326;43.3838;1
239.7724;32.4624;3.1081;0.4108;0.2893;-323.027;190.5494;-23.9543;42.2162;194.9762;1
35.7459;15.1771;2.7619;0.3253;0.186;-3.6735;22.2786;6.2145;1.2204;176.108;0
108.138;54.8564;3.2102;0.1676;0.0903;-7.9373;-56.6559;-29.3564;7.212;322.644;1
64.5397;30.7499;3.0086;0.2912;0.177;-31.8996;-11.4761;-21.9605;13.377;309.814;0
43.5163;19.0106;3.0803;0.2685;0.1475;5.357;-12.4533;-6.1321;9.4008;230.392;0
76.5193;31.7968;3.5272;0.1658;0.0916;74.3815;73.5896;21.8943;7.611;234.68;0
62.1376;23.3124;3.3193;0.2325;0.1215;38.1039;64.4663;6.6418;8.626;250.738;0
28.3543;25.5873;2.7668;0.3234;0.1754;29.3307;17.5713;18.6666;33.509;170.349;0
28.9452;6.702;2.2672;0.5351;0.2784;37.0816;13.1853;-2.9632;86.7975;247.456;1
88.3799;23.7348;3.2642;0.1905;0.1053;-1.3763;76.8995;12.1729;0.949;339.391;0
50.3466;12.072;2.8899;0.3814;0.2313;-74.4798;31.4862;-5.7697;3.915;266.534;0
64.3675;21.877;3.1679;0.1685;0.0893;-39.0122;-36.4413;9.813;8.17;274.605;0
61.1986;37.0725;3.4754;0.1379;0.0745;26.7641;33.1541;35.6429;45.9408;226.924;1
30.3063;11.1478;2.4502;0.5071;0.3245;-14.6267;-14.0046;-7.3102;66.01;155.056;0
22.3075;0.0;2.1055;0.7529;0.4431;1.8826;-10.3925;-0.0001;25.035;184.187;0
31.881;6.401;2.6244;0.5059;0.2877;5.1272;15.8025;-6.6771;52.9994;68.2131;1
23.2179;15.4175;2.6835;0.4373;0.2373;-8.9206;-12.3471;9.0895;25.3949;186.147;0
42.9665;19.5815;2.5769;0.3444;0.2397;-32.0133;-32.2305;9.8792;10.1005;174.968;0
25.1526;0.0;2.1599;0.7405;0.4671;24.187;18.1689;0.0;61.216;237.147;0
157.672;58.5786;3.9945;0.1078;0.0561;-70.9062;-122.064;-40.4482;26.359;299.256;1
147.469;57.9305;3.1745;0.273;0.1589;-104.576;-150.179;41.9046;57.359;282.838;1
19.5128;16.7005;2.4074;0.5988;0.3973;5.8685;-12.3289;-13.9717;16.367;145.109;0
46.2876;19.7294;3.0037;0.2519;0.1334;30.4439;33.0749;14.0527;13.5359;242.067;0
44.8449;9.4621;2.6506;0.5021;0.2725;33.4834;19.7237;-13.1149;45.1624;224.2598;1
94.9897;55.072;3.1227;0.2412;0.1308;80.7443;95.2638;53.2694;50.8115;283.939;1
33.5826;11.0346;2.7147;0.4301;0.2459;38.1995;29.6283;6.2741;27.015;143.936;1
25.8446;16.9194;2.4133;0.4749;0.2568;17.3844;-18.1547;14.7409;2.3506;204.487;0
19.1492;9.6685;2.2695;0.6559;0.4489;3.8906;-14.0954;-8.6973;20.5343;198.692;0
134.9985;95.8599;3.3018;0.2299;0.0956;147.3387;-89.2606;-51.6454;18.5212;197.401;1
26.6585;15.5999;2.5237;0.4611;0.256;16.9138;16.2574;-9.0758;2.148;243.223;0
21.8261;15.8986;2.7366;0.4904;0.3017;-6.774;-5.2501;3.9688;53.6208;205.3737;1
39.5872;23.2324;2.8395;0.2634;0.1339;-40.423;-33.2499;-10.6714;16.85;251.816;0
44.3862;18.8247;2.9959;0.2484;0.1388;31.9921;39.6798;-11.1651;13.3615;269.454;1
133.346;91.4716;3.3214;0.3096;0.1605;-217.746;114.082;55.2309;48.3842;346.524;1
21.2489;15.2421;2.5966;0.5063;0.3152;9.6945;12.1388;12.1279;56.632;132.587;1
26.0927;25.7855;2.76;0.3194;0.1689;18.7719;17.8359;14.9098;28.909;101.2832;1
63.3715;22.8596;3.0152;0.1999;0.1067;27.7348;42.5924;-12.7436;4.4256;252.271;0
23.498;9.161;2.3674;0.6609;0.4399;20.9879;20.8443;11.37;22.447;172.895;0
172.628;30.6869;3.1647;0.3641;0.1995;-219.128;100.466;-27.6755;49.158;311.767;1
24.1417;18.2322;2.7853;0.3885;0.2287;3.201;-13.1804;3.5891;89.2231;80.7012;0
20.2803;12.6979;2.4125;0.5725;0.323;16.4516;11.8946;8.8375;3.3863;165.547;0
84.0658;21.2136;3.4673;0.1326;0.0711;9.8491;71.2746;2.2249;4.8249;236.921;0
24.2018;10.4544;2.4354;0.5028;0.255;-29.6686;-20.3157;-7.1364;3.098;129.205;0
21.2515;12.6117;2.4433;0.5586;0.3081;24.3302;15.152;8.9115;51.1727;204.287;0
43.721;23.5163;3.1587;0.2096;0.1155;38.8419;28.3415;10.336;7.992;146.153;0
121.5675;29.0624;3.3412;0.3196;0.1543;-139.7976;-69.814;-26.2826;21.5078;331.8356;1
68.8411;12.4469;2.8494;0.2588;0.1322;5.77;60.1914;4.2285;56.877;257.925;1
28.5069;21.9304;2.673;0.3248;0.1688;12.2205;-19.926;10.2982;67.511;106.735;0
44.3799;23.5005;2.86;0.294;0.1622;-60.796;14.05;18.524;7.1191;271.519;1
47.7165;18.8286;3.1884;0.2087;0.1111;20.4066;-28.5835;14.0365;0.0597;216.992;0
19.0999;7.3718;2.3375;0.7816;0.4483;3.5164;-9.2762;3.6703;30.3774;148.701;0
23.7533;16.8303;2.8299;0.432;0.2685;6.3197;11.3306;-11.9067;14.2238;157.23;0
83.2852;22.5835;3.1284;0.2507;0.1626;-75.2595;55.207;18.6662;2.772;255.471;0
36.7226;23.1042;2.9906;0.2657;0.1559;19.3852;-22.9758;20.7725;9.5163;177.32;0
21.2181;6.6886;2.2343;0.7522;0.4636;20.5985;15.3193;-6.2442;12.001;128.952;0
22.4037;12.8155;2.6767;0.4253;0.2284;-7.2648;-3.59;7.0587;34.361;78.5615;0
44.1337;11.0813;2.9063;0.3387;0.1706;7.9697;32.8381;4.7318;34.553;148.581;1
20.6835;6.3427;2.1542;0.7271;0.4073;28.9014;17.3733;11.58;31.7306;186.3238;1
32.1447;19.3534;2.635;0.343;0.1796;20.9922;12.7919;8.2013;62.3724;74.779;0
89.4871;33.6833;3.9396;0.1254;0.0682;13.7476;74.5934;-29.4768;0.009;280.334;0
23.1224;18.1874;2.5557;0.3588;0.1933;9.0508;11.0315;14.2731;57.1013;59.2505;0
64.3679;28.65;3.6926;0.1435;0.0726;30.1102;29.1094;-13.8552;3.417;226.762;0
