CENTERS:6
COV:[0.15, 0.0, 0.0, 0.15]
POINTS_PER_CENTER:200
CENTERS_COORDS:[(1.0, 0.0), (0.5, 0.866), (-0.5, 0.866), (-1.0, 0.0), (-0.5, -0.866), (0.5, -0.866)]
POINTS/LABELS: 
1.3907189614615367;0.16822969593876558;0
0.9153062040173039;-0.563392237819322;0
1.0358203572643725;0.6282261857129083;0
1.0528611641477577;0.03408084249289373;0
1.100637101297303;0.2095751507866449;0
0.002265287790877979;-0.1282291490449311;0
0.8997541631006786;0.08645966041895703;0
0.5407783544161464;-0.39178018364515604;0
1.3042245905870806;0.14516491675089252;0
1.3631639450876558;-0.4019936305826242;0
0.728980243356223;-0.11264563300488821;0
0.29801183506567475;-0.09467544437965018;0
1.5299885365523362;-0.3560942401871648;0
1.2809599622566004;0.0641232169337197;0
0.49615347800052645;0.8504467219090427;0
0.8929497879610702;-0.04524281832457758;0
1.5880579529077898;-0.42605253634237333;0
0.4750061927704261;-0.06478637214624776;0
1.1842635420291354;0.27346365469373374;0
0.736319344641424;-0.5756679251959436;0
1.0642292786519236;0.4959061173659455;0
0.9834732593600914;0.0771567272011601;0
0.6497267241285499;0.21183268975372213;0
1.4934264324917792;-0.3207083035763792;0
0.33149325499537974;0.14026040858125424;0
0.772926692564217;-0.5790432674109821;0
0.868364552339336;0.12465327581270282;0
0.8299312259168601;0.6933859420039596;0
1.2166744542413186;0.16626209978425693;0
0.8344897459544114;-0.27368762240087446;0
0.9769003596652076;0.5660853105650316;0
0.8122149120127033;0.1985300340588706;0
0.7497120609601902;-0.22251902811777155;0
0.7265147051896057;-0.3039336960052648;0
0.6302497481597404;-0.15071072786918746;0
1.0159363296376773;-0.4938627382773708;0
0.7360302751198138;-0.23321952705386206;0
0.38957785853284044;-0.45065560960841117;0
1.0723837332466362;0.021057189383710234;0
1.5958346369691456;0.561484979190518;0
0.9539617874747178;-0.11504586172450945;0
0.5739996727569829;-0.21851748904563045;0
1.563977630423213;0.12091565948709558;0
0.9505612214168846;-0.1545816360018906;0
1.1517289455902295;-0.606930917421932;0
1.018866906612273;-0.14356254709961083;0
1.5103412746937546;-0.06278591990623489;0
1.4054291507084806;0.08379055877480447;0
0.14154407935953417;0.23904065309274228;0
0.5836506935512671;0.20239525600070582;0
1.243598716349348;0.5255438282336947;0
1.9221741697529038;0.04955548804041416;0
0.995151941263776;0.3669953460601411;0
0.9780124390300463;0.611064501175659;0
1.0640013940049626;0.13226759795392462;0
0.6814240379575468;-0.44969298364610866;0
1.445678468010632;0.6989070922080493;0
1.8395859406044355;-0.38517713843616275;0
1.1488910888511121;-0.29547090392605924;0
1.2428567547780358;-0.3208722722371205;0
1.3766953438092844;0.2118422820834653;0
1.4792758643787605;0.4070690413719425;0
1.2421823203748006;0.8268068186025236;0
0.7912999568367869;-0.08400653354748228;0
1.1998839854543832;-0.088568996011336;0
1.2183271633666943;0.23826016820274024;0
0.9483595537132358;0.1316841919969354;0
1.4871312219974313;-0.2612865707299561;0
0.9405272313323467;-0.1754887167845199;0
1.4621471208112078;-0.5463399845032886;0
1.197268542151155;-0.1265777537584932;0
0.28721426746244283;0.2846478827657985;0
0.03880048300297456;-0.4045476161328416;0
1.47990236343683;1.1035659453587108;0
0.7835690194606735;0.776413715202028;0
1.010175810420999;0.1807782986983798;0
0.7102526101401103;-0.6639124266706584;0
1.401803574301164;-0.5609696471344675;0
1.6652356730744602;-0.3049522610417393;0
1.0088545947303569;0.08828677675640959;0
0.6832707857883205;-0.21254834312112933;0
1.1571264079939894;-0.2662233719316749;0
1.1407181196065304;-0.3100425940228759;0
1.602650340119009;-0.38328587086309773;0
1.4898160297471361;0.17632769043372706;0
0.9360660620753511;0.10377596726004142;0
1.3347566055440612;-0.4568103419514449;0
0.9061278947883851;0.23649681931654806;0
0.30596243787042654;0.08461569523624204;0
0.6383717932818893;0.24375477327322234;0
1.662530625584277;0.6824971946022971;0
0.6698453075979887;-0.8870738388720566;0
0.33756181897786774;0.33631037550686654;0
0.8080184685225525;-0.3712967352141057;0
1.012028554700914;-0.09818115912065908;0
1.4895716691135834;0.33022832728207097;0
1.0006194737849745;-0.07520321658107026;0
1.1893023255453405;0.6372016682643824;0
0.669356906463566;0.3716677189170036;0
0.9223192080529294;-0.16455859412066662;0
0.5707497115816873;-0.10830933328264689;0
1.0208729060488395;-0.1443175273849906;0
1.155831916569249;-0.28138387332183873;0
1.1763884668172147;0.17206031487785245;0
1.2933943140881887;0.3445958857196244;0
0.6616822938122051;-0.011564667565498976;0
1.1836821164024094;-0.5481255906460233;0
1.2472778295100317;0.3483823088335805;0
0.9436702246434541;-0.5278119250276159;0
1.3229230426593745;0.29439262047262327;0
1.7570930513861254;-0.34995534937227285;0
0.8001259075442242;-0.22923252123017937;0
0.8639076548938048;0.3822222506428367;0
1.5954053746180443;-0.07973446287976282;0
0.5261134383331483;-0.5987774476305221;0
0.8130131152122376;-0.9727692897091684;0
1.3360868181854153;0.32742118121168695;0
2.3665243633212065;-0.06243722103099945;0
1.312878932628764;-0.0501671536129929;0
0.2951902694186227;0.11856062396517265;0
0.9720736542240135;0.37625329956582987;0
0.630915315809234;0.042689995093386925;0
1.5859075302645143;0.08749076881045688;0
1.3224287828171413;-0.09968463462547449;0
1.0126413612469025;0.11858300176610466;0
-0.19548576347210012;-0.42257836755064715;0
1.5026082594899075;-0.3052685209951329;0
0.6470252765190391;0.1280310878070981;0
0.9530653481661472;-0.015660538548097087;0
0.7126649368431619;-0.5879980589207007;0
1.305186299548681;0.5401570743567549;0
1.3722508461021423;-0.347763801285798;0
0.4505366027047645;-0.17595003563648098;0
0.808454755457773;-0.4940186604497259;0
0.1688081900293289;-0.4062150450274334;0
1.496317693213491;-0.6693737826090963;0
1.0234260785974523;-0.5567330694722429;0
0.760852466516875;-0.9086227037987336;0
0.8213834387804282;0.7236475208760859;0
1.1840344006713468;0.24614576654665626;0
1.2540172352893562;0.14892965262993826;0
1.00257381857272;0.13772474571054558;0
0.7995282027346726;-0.23159978825406508;0
0.6696436990396711;0.0983456854861583;0
0.7047457631266663;-0.057252037252236564;0
0.7045489722219263;-0.9821484874305385;0
1.2503171583820794;0.17666234894695548;0
0.8962421658150704;0.4108193571082918;0
1.2412288139980507;-0.5041049704849103;0
0.9325912348994627;0.054277663729630166;0
0.9133681912827837;-0.3498176455770132;0
1.2069932627518902;-0.6753023019040825;0
0.781419795368032;0.1948918333448613;0
0.9011625218605629;-0.457600065042608;0
1.026203211305656;0.3461967673009205;0
0.9488239890169502;0.34758132399057956;0
1.2657413830647464;-0.0816763659899359;0
0.5274735026831299;0.4996117127577591;0
1.2481680064474951;0.8141773252633778;0
1.5084503306152275;-0.3852652634494916;0
0.3744386541165;-0.3170864868803465;0
1.4348813469549193;0.07004252340457046;0
1.297020347140179;0.8864847884464584;0
0.8313602300565784;-0.19589523390371263;0
0.6388579439846261;0.2747757645588709;0
1.0023757892388985;-0.3916127171796901;0
1.1153606263272475;-0.40788306112750566;0
1.0152743403427416;-0.3717642728521607;0
0.33537913036472455;0.3923440739183773;0
0.782641982509116;-0.6661589939194079;0
0.7557022198251172;-0.4175706374153083;0
0.47266473981896595;-0.0035299833581799965;0
1.179141090985296;-0.20686601751635708;0
1.0381006452999757;-0.30854923720821803;0
1.037021468658696;-0.03999201683756471;0
1.1290608201251815;0.5844198194019374;0
1.4025449565650443;0.17108554910982457;0
1.0875746350278659;-0.4463906990686288;0
1.211274682993566;0.635295200686251;0
1.1848115560691934;0.32613539532878;0
1.3865844362451814;-0.46764282328821355;0
1.8806912730564647;-0.03957606686213069;0
1.1054619092538271;0.19238417868621271;0
0.9100930999545945;-0.3849872304500068;0
0.44809050482423274;0.2819377101539894;0
1.1999042495727887;-0.17412896875822906;0
0.7298938083003148;-0.5730363888699833;0
0.9619482658901728;-0.4289969242072817;0
0.16606325589526583;0.31799673774015846;0
0.5819723368528837;0.5032794813102762;0
0.8021046130957027;0.17295064617282999;0
1.0477505475809519;0.7289539633098752;0
0.4822903049894519;0.31075034692149567;0
1.308682177930504;0.059889719361993596;0
1.4472529199375623;-0.23796181471891498;0
0.9988872720706576;0.2054576513544063;0
0.054663183648560154;0.33459714866361173;0
0.9979388856428653;-0.16486493084254092;0
1.6156224329883233;0.3248896586201689;0
0.001073134133119824;0.30987664054684905;0
0.2531991985833181;0.6841810409968732;1
0.33811020862859975;1.3802575495905027;1
-0.0292910143917422;1.050432331347862;1
0.972111399762999;1.1253534711904045;1
0.6663794143515323;0.7210139659405039;1
0.6619926312163077;1.3583764867649049;1
0.4679986489179243;0.7523883104320539;1
1.0638880153663601;0.5264401098089946;1
0.8837538268669549;0.40189717485177495;1
0.8470617893315213;1.4151844545587746;1
0.3044595470914915;0.8648257917343034;1
0.5165968258274969;2.0491989642831765;1
0.5444497347645529;0.2802455947996104;1
0.42192137780764544;0.7628215349577538;1
0.3445099492971424;1.0985463900688301;1
0.9869654873927152;0.9586435904372916;1
-0.21358626564838246;1.0443425122736345;1
-0.059368405415190284;0.266251485771833;1
-0.5027028527887238;0.7913274276077663;1
0.18331689412737584;1.204195028901607;1
0.9696248560597024;0.6458457839347043;1
0.6593284895836528;0.9755902006917779;1
0.8663376840260539;1.1358283136033953;1
0.641753794970871;1.0441523434506792;1
-0.04298745204456156;0.5641480502111349;1
0.587927867209961;1.2652668590695746;1
0.21711153665787802;1.2386359953462927;1
0.683274129855838;0.9818068650044862;1
0.3488287121731697;1.0780198055572052;1
0.8416709664058127;1.216567374165787;1
0.16601032732597837;0.6544705814664812;1
0.4453938641367471;1.0414587771432602;1
0.30840160950338835;0.4241466517230814;1
0.12725312421025192;0.6918313769266686;1
0.6796034110555882;1.961604027472596;1
1.3811575033503283;1.0193109319999096;1
1.1125195645380945;0.37266352280133963;1
0.4803986434846871;1.590513924857848;1
1.19465653686407;0.6519090356822117;1
0.3731671202230416;0.6728768390939551;1
0.2600722395578279;0.6332793265792032;1
0.5260347563031577;1.2938681173175908;1
0.44465683178275955;0.4157863560592903;1
0.4279644166192852;0.2572986787837934;1
0.47106208984766074;1.2434774937840214;1
0.060768902619901366;1.8383004550545723;1
0.08839129547202867;1.0830139528026703;1
0.3055685348788857;1.1319363317745765;1
0.7559383966168127;0.9422627266047303;1
0.8419618835388507;0.5231884216292838;1
0.3566808736881959;-0.03902387004037522;1
0.46621854671028434;0.24430967855666863;1
0.4748010675157823;0.1608299518431089;1
0.35153975050426245;0.5567791799978544;1
-0.14618637090755726;1.1373558731376197;1
0.22391543199919323;0.6706738681206852;1
0.6178644361051071;0.9766302532805613;1
0.7114102825556208;0.4925163772458967;1
0.0348579595368676;1.0924303927170973;1
1.0648567789552916;0.8888638426944364;1
1.4738750965854814;1.0601699504103392;1
0.2983189157928978;0.4355808007175218;1
0.15894712648796588;0.4401616607413541;1
-0.1754343731809681;0.6168704061390275;1
-0.02972706881435394;0.8121964526011796;1
1.0493730129358476;0.8745057149201678;1
0.768983772193943;1.4089046888793386;1
0.44485568977341394;0.9993632608485874;1
0.418412026181964;0.795700045393988;1
0.4095219873897611;0.847725864508503;1
0.38973846170985144;0.25818152764951596;1
0.897138458219574;1.1970647661404183;1
0.9747693024073238;0.817827999911964;1
0.45955042344651215;0.9507881902318456;1
1.0831427950241195;0.781681160984929;1
-0.1409041017382815;1.1781100994843157;1
0.322977362793577;0.5617118151527796;1
0.043512574833170226;0.8959625384450212;1
0.3576763404776157;0.9876769058227209;1
0.6847614352997816;1.3421278671835355;1
0.6286094235517867;0.09943586586802278;1
-0.14854672166997307;0.2269813098554272;1
0.10239237171770832;1.0501330866404341;1
0.4034446908834255;0.8381167733202839;1
-0.1792012627188161;1.2936097618812519;1
0.01345610592726093;0.7773628812902452;1
0.38341503577209296;0.4849944901589995;1
0.6403730570240782;0.6819874212650926;1
0.3217719260381726;0.4589914368759091;1
-0.16380228903286165;0.18430561208012963;1
0.7203906418578425;0.6486182196858862;1
1.3488887386126187;0.7346448186022917;1
0.46235318596514635;0.2594514334844752;1
1.2933580570028478;0.7201432123428662;1
1.2453759529402109;0.32339926623732684;1
0.44732552742336085;1.2909114051624981;1
0.5217434343878558;1.266998451799489;1
0.1758631919837933;0.7802889893655398;1
0.8831400543816696;1.4394914413754347;1
0.5833342244175569;0.7628030650842128;1
0.08773130456264411;0.5856600978290548;1
0.04009745334196285;0.7666485798265;1
0.06756852216586134;1.1964249298438887;1
0.5860027475791647;1.0103553177103766;1
0.8791898315080484;0.4815020036292203;1
0.7287242548948757;1.1992321064052147;1
0.8428325625069655;0.673688975773859;1
0.8528080502261979;0.8175441964698206;1
0.37369223335351215;1.2089896221019725;1
0.536616152456381;0.7519532092941188;1
0.6725811273175485;1.17772036272481;1
0.08631097112970221;1.1129673481932725;1
0.19142186484139362;1.0368883506963675;1
0.29987752739967566;0.4654842287727927;1
0.30795715618412356;1.7791145723089485;1
0.22044678200987594;0.8894888231357702;1
0.6897002600390696;0.8586713590353579;1
0.3623821871922456;0.5835167521013408;1
0.06883294762618747;1.1534339667203666;1
0.2845888548846235;1.1125313195353066;1
0.6464054762943182;0.9310356584844014;1
0.8051631181552572;1.1834129146673225;1
0.4555832058314583;1.280625562571771;1
0.6645089359842651;0.1984566334670147;1
0.20639475869051194;0.9422117703657178;1
0.6299526483050971;1.3151609785243161;1
-0.273489317050605;0.7032857007413106;1
0.8521028732328069;1.0252098732504515;1
0.28267185644286874;1.313408859155768;1
0.47093822649246514;1.0049539259505442;1
0.6198739950728824;0.5411499314113533;1
0.28371069485778433;1.3428164348952398;1
0.49910668172110634;0.9711236463108318;1
0.18258080206698996;1.1324632924403715;1
0.7171532371355263;0.7579010818968701;1
0.730344673364062;1.2719137878133573;1
0.8506479196437442;1.1697479889890832;1
0.3627036424854926;0.8726361567867846;1
0.35970275017809683;0.6676767539588617;1
0.33105536211069997;0.9179436951547323;1
0.5511287031864904;0.5364984526527892;1
0.0671085801827705;0.9831996888893685;1
1.0400959381522326;1.0794711636668157;1
0.8845623693962966;0.770609422399501;1
0.5607406587029736;0.14127196637217765;1
0.8713483486545813;0.3403610736868683;1
0.8671737712777972;0.9885751933669571;1
0.9102375769768347;1.1615887029336034;1
0.5353413633027351;0.9029592049958313;1
0.6938063801363008;0.674415362564702;1
0.6776687295003809;0.8169526345321017;1
0.5654433986912373;0.5126301830452706;1
0.8592702656465003;0.6459413368808102;1
0.32175129359063176;0.819751306007578;1
0.2867306586679431;0.24556756274760094;1
0.3022723279277804;0.9150613996273722;1
0.48679479725491964;0.8396117023507549;1
0.3914376828646785;0.9917761796962729;1
-0.05124322728437947;0.9886814144216222;1
1.325936616414765;0.5184263419195003;1
0.8080194229491795;1.0027329172037585;1
0.8823935751326695;0.4660134577435873;1
-0.2826002189792791;1.0194980982108415;1
0.6913463156324965;0.8651325289398064;1
0.9610960566707044;0.4770783093970016;1
0.2627422174560463;1.224386239633552;1
0.3214207365416556;0.9178999216465098;1
0.29633141353921055;0.700809787535061;1
0.942648545836403;1.2573259822396183;1
-0.025773504009288573;0.5379150218444408;1
0.7698292711909827;0.8120499065375283;1
0.1317518549462749;0.5526730528522967;1
1.0342778660535332;0.3372653178303435;1
0.7992510011428375;0.686372144180061;1
1.0136908745308912;1.235412378211013;1
0.2765372009700561;0.2926851014328342;1
0.5637625450371749;0.27943537270618446;1
0.2748695799809292;1.2024484438624263;1
0.7125491509902127;0.37822556574856836;1
1.0568533554320025;1.1679305246374259;1
0.7800067466308231;1.0823299365988805;1
0.6057416090085124;1.1357832095357334;1
0.3079756268326742;0.6927325159903654;1
0.4645202276557042;0.8161238879428598;1
0.8212438366413195;0.9766579680007048;1
0.9447252390326761;0.6427309578284051;1
0.6713277283636983;0.9206242698837324;1
0.6722053827000045;1.220458379882556;1
0.9628044009901864;0.7339923292044876;1
1.0534843038563892;0.6898997508217353;1
0.742659860503225;0.20503600836680758;1
0.17479235675616;0.683164099413329;1
0.15332309750283013;1.0747121729876208;1
0.6913053716333465;1.1941610641375855;1
0.485227507391212;0.49538604402225905;1
0.8202532991580866;1.0428496135453598;1
0.8361407706375658;0.012894417499868638;1
0.7777486414903934;0.2665024916570138;1
0.9843381681647825;0.6359363011478545;1
0.4833653951743642;0.6779970142997024;1
-0.2792064369583077;-0.02039447079570611;2
-0.8256828941528129;0.786282113863043;2
-0.4655759137715859;0.641944958757977;2
-0.6198841716277766;1.2631854899701085;2
-0.10098629073474191;1.1058617208675288;2
-0.8160345756416048;0.6116796094468103;2
-0.2265941612884501;0.7843113002839537;2
-0.4020180122862431;1.1626662651224813;2
-0.44878088608554034;1.0018344901518061;2
-0.4443906397537494;0.08924469451166261;2
0.019106775233091122;0.7886929911661342;2
-1.313956408680393;1.0911010173282465;2
-0.10756230212126772;0.8578408285148436;2
-1.1062038648191799;0.8590946845235333;2
-0.8593401158293451;0.8689484112699883;2
-0.8056805137525263;1.2213255874645041;2
-0.11749958696618523;1.7075466709168332;2
-0.441703818440596;1.0141945715679663;2
-0.38144836438933105;0.8828044020973386;2
-0.37693269812247415;0.9423353993147706;2
-0.022995806264022756;1.5732141602765455;2
0.05143931787489231;1.0205620723598818;2
-0.1934671524430715;0.880333848064689;2
-0.21292009482563878;0.9266291249520253;2
-0.4523512668656963;0.8236172257802804;2
-0.9346498925585225;0.27708913479288044;2
-1.1445192818260184;0.2892610461013755;2
-0.47349354855611087;0.29190226849989365;2
0.023139300541744734;0.9028088313535003;2
-0.9161527192837126;0.3742656581553486;2
0.026569631808135763;1.542724952117725;2
-0.45712951964124826;0.568249406858562;2
0.3833033377652546;1.144776370159871;2
-0.4626018987178798;1.0739240987603442;2
0.2096417370859004;0.7411396227017404;2
-0.5473654520031331;0.9740520126114451;2
-0.22946334241819932;0.8351747640175805;2
-0.779775991384128;0.9921564022146565;2
-0.11311566076778312;0.845246449343214;2
-1.27574109317088;0.9509703149462512;2
-0.6173220245543298;0.8418215368770259;2
-0.4696940865593629;1.2632660293952176;2
-0.2777492041101385;0.7520185099492535;2
-0.86934651596507;0.9804081377477485;2
-0.28096763622934473;0.8626001108845156;2
-0.18166678183449747;1.0093269307095307;2
0.417630227079379;0.3589341173180177;2
0.4397284732014006;0.9531952217567787;2
-0.7232457872489886;1.180510845727087;2
-0.9309635441550697;0.8973203854733769;2
-0.6940807545670775;1.3872386753143224;2
-0.12447133683248313;1.4179374498575659;2
-0.5595993042826971;0.16876500176296583;2
-0.030269226282963524;0.38983719851128495;2
-0.2768584971637348;1.4440167430206186;2
-0.0900705453781217;1.006545236436853;2
-0.2272351837533061;1.7354010728526996;2
-0.6053568717316666;1.121510574650301;2
-0.18593448593692857;0.9323479396841982;2
-0.8457697406795753;0.34556677929720936;2
-0.8766086827470956;0.7654280412264987;2
-0.41819868445229025;0.6166126092877614;2
-0.8827198369491036;0.7146391487361455;2
0.17130511961878003;0.6819401896714697;2
-1.0034293120809796;0.7289271210870392;2
-0.7494059142842818;0.11785462638404387;2
-0.5179330974521226;1.4340876949589916;2
-0.6236515366999851;0.8556315364006846;2
-0.15650233808407954;0.6248132009342314;2
0.3802138931725728;1.646924526194325;2
-0.2921566213287381;0.5779715701204724;2
-1.5878245690562849;1.4470755335574448;2
-0.707442502989536;0.8820765498209405;2
-0.9443798788977493;0.8906918722187985;2
0.11128967564016723;0.26839148309275307;2
-0.14946840947722917;1.4888283612310231;2
-0.5054759218945397;0.36586461143338056;2
-0.6814157704464066;0.5670928982334218;2
0.18933996315336632;0.8470862201456123;2
-0.5366144928079779;0.4952229066864339;2
-0.8204269266132571;0.9628311548272479;2
-0.04606346718333487;0.713438191157683;2
-1.0593740660227766;1.045386847731134;2
-0.34741564784475154;0.4314962971353053;2
-0.22713481635288585;1.0582846451769676;2
-0.22805897897162247;0.8744651808904015;2
-1.8247797595033648;0.08715066502445201;2
-0.22732916698357652;1.0104498068600336;2
-0.8239062686877562;1.3975762219846088;2
-1.0353016241478983;1.0980088496894882;2
-0.4370074607284641;0.7991610898679039;2
-0.2785936370229979;0.49266884948588935;2
-0.6018827254955821;1.7010980571129009;2
-0.5290972868899635;1.2930320036148875;2
-0.20917208093073847;1.0804005597520818;2
-0.4156302738200244;1.175019333840099;2
-0.034227826455045574;1.4630942283304542;2
-0.9399859598713002;1.0292662280634501;2
-0.5664689244407551;1.0879473951960854;2
-1.2312285146378548;1.103516343431815;2
-0.6027279986599304;1.8701018482006742;2
-0.366435375506119;1.5532255862735327;2
-0.49883301287924436;1.2115054670207472;2
-0.2200963002980968;1.0256197912950211;2
-0.5422546682347148;0.5748356618003458;2
-0.9160913260934882;1.0440353355571486;2
-0.8606655888886163;0.46399749386753786;2
-0.6762421421376973;0.8414610733131679;2
-0.5191581903886575;0.788667913006228;2
-0.3178537614275053;0.8083645609982727;2
-0.6192137271631694;0.5879845611620105;2
-0.7419853125144056;0.941618268524528;2
-0.40353100312494905;0.24209070711799818;2
-0.4787774360757499;0.8878282869205821;2
0.07834729172041532;1.4669929595671838;2
0.7452389754226845;0.5706466541039252;2
-1.1449314933249748;0.7547871865966603;2
-0.49827602802270815;1.16081837018108;2
-0.675786329528589;0.8885495416948144;2
-0.748344371319923;0.2109761167834513;2
0.17222452093695628;1.1387609133774037;2
-0.7185835174476112;1.1857648120214161;2
-0.6915215767530767;1.3086031234445348;2
-0.6669440504452889;1.108971049221039;2
-0.5743157735134103;0.37449450621254476;2
-0.27140598648306974;0.9113749222360708;2
-1.0089742712514274;0.8126913378814405;2
-0.24767612311307408;0.7601289701296908;2
-1.0885156602847192;1.240773009153413;2
-0.5965102710329178;1.1598406579087994;2
-0.8374818770409435;0.9561576399715045;2
-0.4926987486828807;0.052683001727157674;2
0.20507751122102935;0.8868957989820914;2
-0.08215660081974108;0.6436303473378359;2
-0.832250483774134;0.6965786870843496;2
-0.41636150123984467;1.4727072341697989;2
-0.9229678746774448;0.9107259757021995;2
-0.7229150168331988;1.0017920461806327;2
0.047745862391590954;0.8243929367730654;2
-0.23793291550770107;1.0383765374001641;2
-0.39307799330480575;0.8113968258662432;2
-0.2031397139888278;0.7485367526816107;2
-0.7586813679930948;1.585305638955784;2
0.1599188070797536;0.9629082622383369;2
0.09393171416724466;0.7601640569831876;2
-0.6971157901466576;0.43549156121526567;2
-0.35174113637520443;1.28562833261967;2
-0.7662821307727219;0.867977827705841;2
-0.7138520609650121;0.8642193572657362;2
-0.17816074931157777;1.1305838019765886;2
-1.173533119311593;0.9458769586867007;2
-1.03267882619491;0.5957040662296035;2
-0.37316438086303444;1.7633580988140414;2
-0.6255461489527636;0.642807235225895;2
-0.3568279094798328;1.4843459420155691;2
-0.4412889359738442;0.4236197792668953;2
-0.5381850021319852;0.7057282890350969;2
-0.6099579929909186;0.9875719978574352;2
-0.771275162906041;0.9802968857247434;2
-0.393567092341492;1.184621119091928;2
-1.2022647904622892;0.11743555364144853;2
-0.8123726943240934;1.622787384467291;2
-0.7731728694387807;1.4837925917623398;2
-0.28866987329686356;0.7164336896143865;2
0.29060839751304646;0.7992821683692397;2
-0.758636299619263;0.9538859323992498;2
-0.27415010151507724;0.8018900066338066;2
-0.18429722389999792;1.634304390749569;2
-0.9098796964055825;1.0423838308745343;2
-0.792305208083449;1.1221953502233555;2
-0.42326923920848925;0.41522118703961747;2
-0.44394750851921144;0.5790794304459599;2
-0.3061857122294519;0.5429019157179633;2
-0.45307599990307224;0.6992657168901754;2
-0.2805931074765101;1.3387474279210752;2
-1.1858234634136449;0.7819744571060527;2
-0.8310141242416474;0.4177544478235226;2
0.21173196330594235;0.783171964800252;2
-0.4806093801439383;1.791362769130742;2
-1.019698675523553;1.8090406900094163;2
-0.9860369998016391;1.062098778166479;2
-1.0198381913599395;1.1782395405187662;2
-0.6663860378933746;0.04136216143700944;2
-0.1353454661703351;1.4374124650270566;2
-0.5724232780441391;0.5687312386773609;2
-0.4921023048100597;0.2577921782451049;2
0.13267264938913947;1.3551540612277502;2
-0.80173899863236;1.4052734262200897;2
-0.311087851680847;1.1082754772661803;2
-0.8656640446371254;1.0533603922657557;2
-0.11600097285880556;0.7770872354324454;2
-0.6754719498747782;0.8488213630195894;2
-0.8126390290008618;0.6962058568675433;2
-0.21536473109207555;0.9435785473236709;2
-1.2406837442472065;0.5744915207285475;2
-0.8012766905643447;0.31936439719746024;2
-0.43184477283245093;1.1529807243250798;2
0.21359056619649375;1.0615940871073932;2
-0.24899590117984766;0.3449845974307557;2
-0.47632208597236997;1.1303361301505241;2
-1.7016074908727452;-0.2012485478084528;3
-1.0810321430333092;-0.10429394136533884;3
-0.8533390854965615;0.7887041381898201;3
-0.9240650758453904;0.4919404719410675;3
0.03365477310319043;0.644282121296153;3
-0.9139653912414116;-0.07095957074353824;3
-1.1529062414893585;0.6020786618770453;3
-0.8466684466094205;-0.33655052885133246;3
-1.0809071525606244;-0.29483032721098756;3
-1.107325593456747;-0.31845900230107227;3
-0.8419203179477603;-0.5250151137796459;3
-1.2915958182605616;-0.20982087598559684;3
-0.9155571383420239;0.37129632723549344;3
-1.2655454961454597;-0.06476142504415457;3
-0.8730928953189395;0.42098982004748553;3
-1.3671514204186415;-0.5997438591110608;3
-0.7145381403522277;0.005361308267439507;3
-0.3118836466112822;-0.4786089203835024;3
-0.694920656392152;-0.4230130949096459;3
-1.3796352148118225;-0.012565699646491103;3
-1.7290063004952174;-0.47340077758209775;3
-1.225080258449132;0.37279425192576093;3
-1.0622134697754344;0.03389025911940796;3
-1.275451105472469;0.228261846274067;3
-1.2549130801887751;-0.023598265554672888;3
-0.6551105778197883;-0.691154549401548;3
-0.9417321811392935;0.28952487451777514;3
-1.272121328138962;-0.2151189008294715;3
-0.7888324105103149;0.10821704293922876;3
-0.762733394661194;-0.027846466019192252;3
-0.7612830355849781;0.7085073346642661;3
-1.186546776050199;0.09482021237518615;3
-0.899973603404899;0.3357189850443633;3
-0.4053877207137706;-0.17273577801117607;3
-1.527697371499738;0.16744558747439484;3
-1.1510926696513482;0.10965787172128118;3
-0.9238192999592515;-0.007705396311927881;3
-1.4423567348770507;0.568007049548469;3
-0.5333083983898053;-0.6151275499371183;3
-1.2021312174260428;-0.0431087608463745;3
-0.6032191009335914;0.47215538122230677;3
-0.9980588820503277;0.20685135236806318;3
-0.6610422911696427;-0.024483033267640716;3
-0.7210915255667644;-0.027033008029361857;3
-0.6483463010956724;0.48025088350180845;3
-0.7058971084036314;0.9374694892238906;3
-1.3202724156399146;-0.23194447222046533;3
-0.35394997832549613;0.4654051240079155;3
-0.9781743825542929;0.4561432174908506;3
-1.1865424562192628;-0.5553707655258879;3
-0.7885170142284521;0.7650899551804005;3
-1.1881680573937539;0.06764889943388196;3
-0.7555214362204874;0.10513305957671326;3
0.19745473290175042;0.34453370709269115;3
-0.6670979396596002;0.3238183285710899;3
-1.4980103721943294;-0.037691447558744005;3
-1.371549631990257;-0.32154751465385983;3
-1.4213242406668674;0.10316734470516664;3
-1.4568999640781706;0.25481256894790216;3
-1.7356261706354374;0.3068353995496406;3
-0.9821711112023305;0.48312080448957073;3
-1.158964995828113;0.13982051872483886;3
-0.8563114061572785;0.39247458915683436;3
-2.0058378944171533;-0.2975462057017441;3
-0.8703167649352891;-0.48070876982154187;3
-0.7733349429577878;-0.06204628927827718;3
-1.6662597985572758;-0.20290043033392194;3
-0.7207232587278987;0.3823571161821507;3
-0.8469544768891639;0.19042081720798273;3
-1.3486799692143139;-0.020886640032658672;3
-1.054097397503719;-0.17246835588082918;3
-0.4370293438961558;0.03546329373696913;3
-0.6342305027079052;-0.08093821186693083;3
-0.8557652138401126;-0.2660303601916702;3
-0.6270230878271064;0.16933364385620467;3
-0.9174056484456438;0.41976206258248505;3
-1.4022535764770956;-0.2105192037345205;3
-0.8753503955209515;-0.5527576778762526;3
-1.2655976349754372;0.4213133494415572;3
-1.2448654449015717;0.515965459643072;3
-0.8858908661264453;0.05301852460653971;3
-0.8486499533816785;0.32530526404550253;3
-0.6103818544219679;-1.129599691652587;3
-0.9138256940740797;0.4466049201832289;3
-1.9886704624632847;-0.24098545366840152;3
-1.2167682187552864;0.10561251779157586;3
-0.751019562382909;0.7593200166799582;3
-1.262401410981721;-0.009939667388430155;3
-1.548440041121053;-0.5792648980130087;3
-1.4785944861360323;-0.4547894371052523;3
-0.9806994695639467;-0.13954036802370762;3
-1.664396965316233;-0.567037502031565;3
-0.2591496604901661;0.0607383476706048;3
-1.1712698499023393;0.42644830847624454;3
-0.8509228092696942;0.17703861641901295;3
-1.2249465518219296;0.1366354911710361;3
-1.241685576834292;0.20609066563878187;3
-1.2698531382149603;-0.0250085644512548;3
-1.233209368529025;0.21088736598142643;3
-1.819396575025178;0.5994083367606875;3
-0.8461786266753306;0.11767363843552273;3
-0.9712699227683576;-0.2010044530400902;3
-0.45569582251529084;-0.23452307873742134;3
-1.490376690279218;-0.8028294087159042;3
-1.150170273055688;0.04855787853139913;3
-0.9240737572220702;0.26371875477247264;3
-0.7846187076478499;-0.5834336759668363;3
-0.6526204505461799;0.1019177404782738;3
-1.1253256388892854;0.08719665019520327;3
-1.5957579013423673;-0.2770622943719317;3
-1.3081874158648792;-0.2400226676172116;3
-0.7437667800755225;-0.10320742317407099;3
-0.6613713869284914;-0.01408936363143794;3
-1.0164316021583881;0.8711601296174312;3
-1.4909069487315711;0.12585627190562484;3
0.2108747449604551;0.2862743645966789;3
-0.7201632940349845;-0.25541379547437765;3
-1.2208773621235633;0.019818705129964212;3
-1.45625001273898;-0.19585203776606017;3
-1.7875667686098815;-0.18612284122239667;3
-0.6402050397557244;-0.7635769956259583;3
-0.9536068301616742;-0.04049239834505451;3
-0.7478162766567846;-0.17477509009538586;3
-0.6679608772225116;-0.5217368049506147;3
-1.2379034902686592;0.7864086688255472;3
-0.8937233354105185;0.38359229653034227;3
-1.131430679129576;-0.4550397036395354;3
-1.1228345035440372;0.05225246936690791;3
-0.49985675954697273;-0.2835922361784718;3
-1.8650717132074544;-0.22440660583878666;3
-0.963791960343559;-0.002306568510637743;3
-1.245619550679689;0.28104358871345647;3
-0.7452609492360392;0.025537653956752445;3
-1.1515253477245282;0.010446993427796859;3
-0.7702668819414642;-0.25925683370584607;3
-0.12814343195465905;0.5056867987649579;3
-0.85693106546114;-0.03469335796506304;3
-0.050330914748167865;-0.35920484366970873;3
-0.3966595689312946;0.26131211836638635;3
-1.0585168778788607;0.35560694902353557;3
-1.4061372108684562;0.3223508749677516;3
-0.06949029214917102;0.3061234670005526;3
-1.39097880091991;-0.04056377566176456;3
-1.061748562013365;-0.6946813253734195;3
-1.412460609280786;0.32272414922802783;3
-1.3628837405161796;-0.39955718995424927;3
-0.9032027101931067;0.06838159225284525;3
-0.49825503938515425;-0.34136776083252146;3
-2.3194196678509487;0.11617175633263092;3
-1.4081892446854698;-0.23786400111371198;3
-1.2716089545662175;0.10252298302698039;3
-1.1124054418552893;-0.08539665884480725;3
-1.882790287073072;0.18612692711810316;3
-0.5040330539707264;-0.4937131348477183;3
-0.9921033946549535;-0.18013199943104125;3
-0.8855425889876075;-0.520651441756658;3
-0.25736021491131555;-0.03898865873017913;3
-1.5792896866847732;0.8211523432417814;3
-0.3848640875575591;0.10247724735976628;3
-1.403856539575985;-0.386759405955662;3
-0.4216480872660169;-0.5252045932347316;3
-0.9325716341134056;0.06913630425613529;3
-1.3745558624271945;-0.29363261035253024;3
-1.203760831168667;0.1390459783198775;3
-1.5957110879392413;-0.057853377443366195;3
-1.5018468514950367;-0.15711921611673396;3
-0.8148852377400391;0.42981463978028656;3
-1.1941443992498604;0.1074739227847389;3
-0.902653907774539;-0.2883368334820409;3
-0.13892067004946584;0.5906546424933149;3
-0.4156241354945337;-0.18601771796152122;3
-1.1276008962285227;-0.25876232447130465;3
-0.9059816402138354;-0.1762847992655328;3
-1.271256084715993;-0.19873624189456665;3
-1.2611685282320864;-0.024313732103243075;3
-0.2447900371578976;0.6679783455038169;3
-1.27632280647583;0.535653423356153;3
-0.3555951256035975;-0.3782893721401596;3
-0.7273216633766153;0.2988160500938729;3
-0.9051283421791001;0.3165894730889176;3
-0.5357143455161424;-0.3319835978163677;3
-0.4200045110474201;-0.3236464493070359;3
-1.175716200205326;0.2482943353255571;3
-1.079006440082859;-0.1722891375583838;3
-1.0766770655317204;-0.5022144436158958;3
-0.9577948772590688;-0.0111447318383304;3
-0.7933818349098201;0.2195001751499397;3
-0.6914441949131495;0.25772882842733286;3
-0.8707201762417698;0.017563856773372268;3
-1.4702101275565294;-0.1675122288674832;3
-1.164152668690111;-0.2975465176293298;3
-0.4179763921057341;-0.37706875369757203;3
-1.1244419570660273;0.17156444719528374;3
-1.288331971854804;-0.006224117846425068;3
-1.0325415262415165;0.24219176816315377;3
-0.7521790986643572;0.3101980736116192;3
-0.5755488353561399;0.04653513560614939;3
-1.2865501954691916;-0.017203745410964054;3
-0.9004581894465943;-0.6554326001117247;3
-0.8188032925760628;0.22550237928735814;3
-0.8684850091455039;-0.9598409798755668;4
-0.9223951815524452;-0.4706521643327322;4
-1.2035084436695278;-1.0587840390234906;4
-0.5049846020511135;-0.5908084550078274;4
-0.6121356360543884;-1.0749863435196534;4
-0.5858985261496507;-0.7047924665987315;4
-1.2519849963423597;-1.128785894413458;4
-0.31775637490017306;-0.5112409703679239;4
-1.1586272528260202;-0.6895756448016773;4
-0.2426932860194409;-0.9042348592898939;4
-0.5006512762903946;-0.8641920449960652;4
-0.6692192072193786;-0.2862978452949837;4
-0.978185916570619;-1.2099278933166446;4
-0.4750139226357198;-0.9884013056178783;4
-0.7458207270406008;-0.8192274101465186;4
-0.652185437036988;-0.9476792217323519;4
-0.11067244248248265;-0.5897167858607799;4
-0.2714690908562039;-1.0072211391087922;4
0.42467392922891967;-0.8151563109994338;4
-0.35111611991250524;-0.5369297039442504;4
-1.0248410520716753;-0.9385155463573008;4
-0.4037160775246702;-0.14381234388418096;4
-0.5493862964554147;-1.039967839299335;4
-0.6953287952345863;-0.8725489454568995;4
-0.31967425190612686;-0.850122194749279;4
-0.8619352008550163;-1.532658592792188;4
-0.83109551710815;-1.2831430622589544;4
-0.6644125095508865;-0.9167793396463508;4
-0.8504090264190507;-0.42023718470492866;4
-0.43896578836469935;-0.8808919842060053;4
-0.11131194101011832;-0.9834629938304241;4
-0.04941305569040588;-0.19219988317572345;4
-0.6808522319887415;-1.3777555071785645;4
-0.5013309877379738;-1.550109536965893;4
-0.41715581015182046;-1.6285315918562835;4
-1.2812052277858057;-0.6700462725868299;4
-0.7744432587971782;-0.8669315683875256;4
-0.11473885362882652;-1.4071904290032884;4
0.1616194615524963;-1.3299193615675464;4
-0.6273131060238772;-1.2926529200395116;4
-0.4090450919688662;-1.122488455388166;4
0.13048583468622577;-1.1965193088149444;4
-1.0722539647018077;-1.4404479624503508;4
-0.11172361159207944;-0.8821542902632868;4
-1.209815805099937;-1.0492675651154437;4
-0.30950620052167876;-1.5464666733006873;4
0.8072930803710581;-1.016979285156518;4
-0.4676001015654596;-0.4762095438706988;4
0.07006288251202708;-0.4247543316187114;4
-0.03912168327926513;-0.631671070333903;4
-0.8892574800450059;-0.6826436725973958;4
-0.2744758575608419;-1.604349186216942;4
-1.033048167139033;-0.625490790080073;4
-0.9026837331417259;-0.3910050166093028;4
-0.7003695852816998;-0.5080632245406904;4
-0.041021635143897006;-1.4946114313071055;4
-0.5373510225970604;-1.2420255957652222;4
-0.304542960363672;-1.133835778518339;4
0.07337570756721001;-0.9658587861000221;4
-0.357288791097619;-0.9162395355826928;4
-0.8465380142193633;-1.6091852876623713;4
-0.806632200940729;-1.3632106900251497;4
-0.7296399583610423;-1.0356479452384462;4
-0.6038704635211908;-0.44406641183134066;4
-0.6494784960473587;-1.0909201710061687;4
0.10287917523116807;-0.9357428995420136;4
-0.9168731035102038;-0.7680641481062114;4
-0.8703056312637156;-0.1473805838224751;4
-0.4791066752328245;-1.2279095793854424;4
-1.4495283142641509;-1.1517455747275147;4
-1.2091209375893073;-1.0681400488695871;4
0.07055078822981875;-0.9986132513151544;4
-0.2440143730685932;-0.8570962061219439;4
-0.564395323802108;-0.6424217641017502;4
-0.2581437527766873;-0.9792183421521313;4
-0.05800043577209013;-0.487421489917431;4
-0.7867473852190945;-0.701713679826216;4
-0.4674438744219178;-2.2069180899143026;4
-0.5628313383736977;-1.0769485327891728;4
-0.7338351541336432;-0.9259721865795754;4
-0.4518190897786497;-0.4788494728105017;4
-0.33641445211527427;-0.8076539955233414;4
-0.3828706814780196;-1.339056291735006;4
-0.2921287666452469;-0.7784010295913841;4
-0.5595685721100568;-0.8976023634532125;4
-0.21989276300382737;-0.4730186037505847;4
-0.5383251907080148;-1.047843313677485;4
-0.6290312706978985;-0.6346943010246837;4
-0.3647822755920723;-1.102992765311134;4
-0.36819532366027896;-1.3439140463512058;4
-0.5953872733238693;-0.740519358636514;4
-0.09271156360994032;-0.9504517220708666;4
-0.6388788425228342;-1.4281790547965596;4
-1.2319191368912965;-0.7003252143184329;4
-0.18507403009247114;-0.5176768750182459;4
-0.8048475384023227;-1.0341484211965821;4
-0.5300345907546935;-0.7795054061772713;4
-0.46616872450669455;-0.714697652103411;4
-0.4775481383246114;-0.2339811143642353;4
0.29315782777626476;-0.7539557492168396;4
-1.07536332193364;-1.1982079542344473;4
-0.377286111603374;-0.7387008177812955;4
-0.36885472680344694;-0.4645130958827593;4
-0.5124879361601594;-0.5384417977219136;4
-0.4038797979111006;-1.3003772524889614;4
0.001635868387766748;0.07199949062494082;4
-0.43729651253745294;-0.846953191144647;4
-1.2570273087214057;-0.3497165866187808;4
-0.8804774953889064;-1.3576209131298378;4
-0.5699581426959192;-0.031440671046975455;4
-0.6411928909474911;-1.565891094024777;4
-0.8766831747005608;-1.4643113590650918;4
-0.11815984377939948;-0.9362732868737392;4
-0.41089610621504136;0.04031560105645138;4
-0.17069281171640494;-0.6641646420997959;4
-0.11727111408801755;-0.5380025788415913;4
-0.1743138178880977;-0.6307774714852178;4
-0.1262750090700498;-0.983932703113897;4
-0.19944763551949657;-0.566719297735962;4
-0.5449715619085715;-0.7093640796986764;4
-0.32974902969755615;-0.9165228337214224;4
-0.3659014829112388;-1.9007473792918295;4
-0.6834246613066506;-1.326756478347181;4
-0.567646027027663;-0.5063573132945075;4
-0.18551140924583492;-0.7216764218804181;4
-0.29413547602722934;-1.6150133517226806;4
0.04572651295026542;-1.402296397271078;4
-0.11107881902608607;-1.327242980868031;4
-0.4912164439533397;-0.31698421475021465;4
-0.20428576704547657;-0.7040687625128632;4
-0.3943101962778635;-0.8846875785585642;4
-0.8888838868578548;-0.767450789051888;4
-0.9472258796424904;-1.7490711097136002;4
-0.6665391174273173;-1.273874849858092;4
-0.8488314705213058;-0.22927739084983956;4
-1.0696005162792481;-1.3213376422967806;4
-0.9370043626798141;-1.2026132148984403;4
-0.32022668397240023;-0.8488676031085484;4
-0.6705249987447874;-0.42007958853226324;4
-0.5576748526378436;-1.574899141627251;4
-1.2615045428933085;-0.6110025852085808;4
-0.0669151131441757;-0.5080344551803917;4
-0.282000497264785;-0.864722880814074;4
0.004472772407976389;-1.0309883395989394;4
-0.7574286137848723;-0.9231369561937581;4
-0.5616872342867594;-0.8902903415645921;4
-0.020954868193738208;-0.7053736547549921;4
-0.3754760692979385;-0.8612207805878072;4
-0.36007956616474945;-0.9250545000970227;4
0.4213449290589323;-0.9639448974118303;4
-0.41771199318690744;-0.9520026808956568;4
-0.9336321255578897;-0.5302125831174362;4
-0.40610165154439287;-1.0764171946612362;4
-0.8543065192880441;0.03204036291306678;4
-0.35778683443119097;-0.6633821209353068;4
-0.13073960340036322;-0.40462791749492866;4
-0.5154150673683978;-0.8184672554662246;4
-0.28773528938983717;-0.7451807245486992;4
-0.49924529670886664;-0.40633610323471986;4
-0.4645508665947247;-0.9451664880071844;4
-0.8024760468165957;-0.06682667122704788;4
-0.4557746966044511;-0.5040389772205844;4
-1.1038845635327403;-1.0415096284108074;4
-0.016687717746217134;-0.6891654366472415;4
-0.9955042181818802;-0.3000657862627685;4
-0.02433613231299836;-0.8145770028409002;4
-0.21799269103276558;-1.6129649390173975;4
-0.6311315877293364;-0.36600411386642195;4
-1.820391463802969;-0.8245654000039098;4
0.0695479445515148;0.21055871698861195;4
0.2955310197746912;-1.3515458102023583;4
-0.8547595393883152;-0.7985871227311716;4
-0.8234155789332884;-0.6077411857532158;4
-0.6537543054437629;-0.5640998619929078;4
-0.08184197384934011;-1.0920040074344284;4
-0.3835580872707936;-0.6108953334050086;4
0.2534842675746134;-0.510904231229413;4
-0.34410214807974004;-0.5406752583448264;4
-0.6275140313425045;-0.5283985303714435;4
-0.5951309574670608;-0.7686914540582478;4
-0.06587149508262846;-1.7337460342314337;4
-0.5847417294032962;-0.9486897241590333;4
-0.46614247628607475;-1.1463727444217389;4
-0.4687685255539403;-0.9740169216580343;4
-0.6598600208597428;-0.6530972060605231;4
-1.0011213439243267;-0.14202228482369372;4
-1.3138892062258787;-1.336594913192684;4
-0.912221536022467;-0.9343789053085756;4
-0.8367469081321692;-0.8485063824107109;4
-0.9336810165614304;-1.3192348817132555;4
0.014018184870821737;-1.0983438209177758;4
-0.8499871202141387;-0.8315872297542813;4
-0.22427403681356212;-1.4287830663634553;4
-0.6256527375452392;-1.3834349807678756;4
-0.784310045976595;-1.2520287618155077;4
-0.41779112032149773;-0.8524247445604589;4
-0.2000398914542283;0.10547283739177771;4
-0.9369733301324208;-0.21808958697462644;4
-0.7013214649219939;-1.685465922227538;4
-0.415159905279203;-1.1405771916088883;4
1.0031318868968682;-1.3900351525199452;5
0.13468551918878002;-0.5883454725819003;5
0.4396389410233149;-0.6448928916627057;5
-0.1834249031318218;-0.549089692956698;5
-0.14371217650313972;-1.3473586852014947;5
0.45434971839386157;0.0030395178474508233;5
0.8547374308386513;-0.5462650411083905;5
0.2657889312836684;-0.725862278407148;5
0.543159996674533;-1.4028827290432406;5
0.9576104049024634;-1.3290280484200019;5
0.5014605540555876;-0.6785459825390174;5
0.7224517987209784;-0.7689539615886279;5
0.3770744839372184;-0.5530757277827627;5
0.12066355432190756;-0.9789840384528183;5
0.3994321654183671;-0.7748085306379819;5
0.8533583093485466;-0.9582280519020474;5
0.8123252632062674;-0.20963287293113553;5
0.40472518707743105;-0.15491277180805674;5
0.29989868126164976;-0.7183123503551532;5
0.06949371197076049;-0.48165615202524714;5
0.6051391767334403;-1.2640834963325573;5
0.6711658013776707;-0.6660456226956716;5
0.28021587952513455;-0.9478891503202871;5
0.5090628941985805;-0.649059006745138;5
0.27215695031027676;-0.9378266705611403;5
1.267082531336834;-1.0194990365883538;5
0.6808619940843248;-1.030158419349299;5
0.5408495898468233;-0.6385554625421466;5
0.4172873468578395;-1.0243461144534363;5
0.3249293370639399;-0.3744233079585285;5
0.7061043688242623;-0.801498210508925;5
0.7375126889239874;-0.7074545347094529;5
0.8677984258827449;-1.1059702720423263;5
0.206176489183666;-0.9564945175195113;5
0.4211550978999485;-1.3255017990354165;5
-0.08215251985052885;-1.2757270173549935;5
1.267389910619476;-0.795994902531219;5
0.7416505676421654;-0.3387597520811175;5
0.4812823483460372;-1.5040040034711881;5
-0.07655515208205144;-0.4981952690946933;5
0.26898426071675885;-0.5879127893291918;5
1.2084581382838566;-0.22321876717613476;5
0.3655246920699415;-0.9710126372948412;5
1.033740774877535;-1.1491814646917407;5
0.5585905525752636;-0.32982314219697995;5
-0.727661434631717;-0.8436812594765113;5
0.05760727943830013;-0.9874902841480453;5
0.9663024289892539;-0.9192000450372623;5
-0.06127688881847737;-1.290651353662822;5
0.2943801709853049;-0.6891919308406547;5
0.25787313604893664;-1.3197045037102746;5
0.05970218160662916;-1.087999569286885;5
-0.17282330429979864;-1.4833381762485973;5
0.41047045752913913;-1.4159183184810105;5
1.0311911784792507;-1.020684238204455;5
0.14037988229409581;-1.1984793956063362;5
-0.036861485310206166;-0.5063257250646354;5
0.7935241009051541;-0.06754432252219955;5
0.48800705434620495;-1.1294809314559555;5
1.109131205538592;-1.2835994179782428;5
0.5460235676145059;-1.094825487660286;5
1.0821668065631633;-1.1253279748038871;5
0.7905757519510986;-0.8978097624565629;5
0.6536823375285705;-1.1962563267449098;5
0.44396952045921045;-0.49089689797246894;5
0.8432931491431797;-0.8272082533581344;5
1.0571306599058672;-1.216217054226865;5
1.2497944161335925;-0.7810281121045033;5
0.6600181038700323;-0.6735323497121749;5
0.6895853361497772;-0.41651618017604836;5
0.21067042801354052;-1.2841900003113953;5
0.7094929472196108;-1.0711383051625452;5
0.32164205040883037;-0.8296902223961;5
0.1767763593601427;-0.6147975119183359;5
1.0114607517154308;-0.45044696220492625;5
0.001190525001222409;-0.6476389141714514;5
0.6264339984511218;-1.3983555956105689;5
-0.0766838428266331;-1.0676162079772695;5
0.6118360809742059;-1.269167384898463;5
0.5330067794323288;-0.33544584239620445;5
0.4123203942161898;-1.1963095151003666;5
0.788876238003478;-1.8808164922265664;5
0.5804091608455554;-1.041688415615884;5
0.8962936962363273;-1.2648174015636406;5
0.48351049174317423;-1.1224923076377573;5
0.5289717866230705;-0.7559972854389405;5
0.8420440832182753;-0.7869772795397942;5
0.526995313852084;-0.6113701732978785;5
0.5857495179064586;-0.4925519497606777;5
0.9054570237318929;-0.5060296646512095;5
1.2580144606793828;-0.8979803098182302;5
0.34215157630833326;-0.34823103305912784;5
0.5357664213393798;-0.648024780882846;5
0.2841578982095484;-0.706546854509915;5
0.6945404440666146;-0.7302038035658538;5
0.21057211713938073;-1.2996026171765278;5
0.6869162115877367;-1.4349234481910824;5
0.7382486542110113;-0.5547655013999271;5
1.165021533102671;-1.1294237089496693;5
1.121300557783644;-0.910753325544204;5
0.5892945169384659;-1.1867946594155467;5
0.34021111142080146;-0.9578810615836368;5
0.5287514784026117;-0.5042956096142164;5
0.8548567196758565;-0.7835461959894052;5
1.1485610491970277;-0.8876535616596262;5
0.10353872728874158;-1.0923756204875867;5
0.4893845560106474;-0.8560970527803953;5
0.4878492104137873;-1.6365326903104473;5
0.6622049089459014;-0.8813439589855545;5
0.11738441290009327;-0.6132280401853941;5
0.6907364078274953;-0.9212913098510229;5
0.9794099136282839;-0.7455117836182859;5
0.6072627590611972;-0.2150966813304782;5
-0.054191248567430295;-0.3130890067166444;5
0.9719718159357127;-0.20919145963351082;5
1.125830757993294;-0.7737610583618587;5
0.6451717201889485;-0.5187265572218613;5
-0.0049846295247480965;-0.7011787224015246;5
0.7690973556070007;-0.7157413021476132;5
0.7170526048078002;-0.6004427038047053;5
1.381769658844692;-1.3139495909425878;5
0.3271448983985368;-1.4450219429520406;5
0.46021153901742756;-1.009686728249543;5
-0.07976642859814131;-0.27746509215413817;5
0.6303546116567816;-0.621507123758133;5
0.6166750100226889;-0.7573399664911987;5
1.3315839737392021;-1.3053915724427578;5
-0.007059462404563233;-0.6777357735717423;5
1.2522662107095495;-1.683048646132274;5
0.6679339828132965;-1.3578986632696897;5
1.436033719362063;-1.0476771526311848;5
1.3242772122584776;-1.3753953144114797;5
0.5693980535658124;-1.2224144830587416;5
0.6779911873586224;-1.6406188632143603;5
0.7436713329210639;-1.7812047521095087;5
-0.028107899060907493;-0.9604900198284055;5
-0.2757769513196443;-0.7552132677740482;5
0.4266990376937193;-1.2458515321978054;5
0.04054209316955942;-1.1178877213892369;5
-0.48184008871732786;-1.162382332087927;5
0.6435224708925249;-0.7571128699667702;5
0.405857039998212;-1.2079193518856244;5
-0.06851110418714601;-1.3153026132093188;5
0.7912401615012306;-0.3477818762988293;5
-0.2161881073793427;-0.8744063832291257;5
1.065065588784111;-1.093814997605787;5
-0.38891530866009427;-1.4997561452023642;5
0.6527760016513952;-0.6910348077939776;5
0.3002414343881794;-0.4580966175483981;5
0.6779315343797994;-0.2772591098694218;5
-0.1351447470207423;-0.2547890230720199;5
-0.07095640721512331;-0.7950260881017492;5
0.7941674736744457;-0.7181380153563812;5
0.7260447701021006;-0.10184131498255766;5
0.761143392356791;-0.7849586008534418;5
-0.17050003564562666;-1.1420832129362166;5
0.45719222961422457;-1.8124912895291914;5
-0.34088933587675974;-1.3313631987783425;5
0.2828687814583387;-2.0662188112640507;5
0.4605102883480881;-1.2834358953968765;5
0.5949765541198491;-0.5972212271677431;5
0.23658670589106434;-0.9338845713683148;5
0.6542911216379174;-0.6695138622603994;5
0.3604662865405717;-1.3224002866850362;5
0.5770024404747016;-0.7829039070462899;5
0.3141212001877973;-1.243124096534799;5
0.42533655178737273;-0.8688275740942799;5
-0.032725300830798054;-0.6007939024048412;5
0.7761225370335256;-0.35387466375872967;5
0.4412391914104715;-0.45402892468370726;5
0.31229898233858006;-0.91474094418986;5
0.27722638345430406;-0.7265052464650367;5
0.7150008844107432;-0.5027735697832807;5
0.12834723061031755;-0.9719262378196634;5
0.30628060424859327;-0.6978252947204184;5
0.24429102727770297;-1.9318713323204753;5
0.4265424092468033;-0.36070046520513976;5
0.07594629722893298;-0.7661940837515601;5
0.5021407999071095;-1.1445702306249959;5
0.5759384835126204;-1.3996378569912316;5
0.7264216089595141;-0.4455119366693493;5
0.47357768537059847;-1.185780925172146;5
0.3401074933652163;-0.9357187934955525;5
0.7049463813612578;-1.2848247207806398;5
0.6719401426395066;-0.47446405736119235;5
0.35280087033886476;-0.50285992905559;5
-0.05660875678821797;-0.541532334858505;5
-0.09741048159471932;-1.0136574660141737;5
0.5747688465198425;-0.9006223325193541;5
1.068929151776124;-0.8985741780581911;5
0.4212521557291556;-1.4167661671726406;5
0.5695474245551279;-0.8230465701555596;5
0.7617226804959611;-0.9062820261943674;5
0.3353269139827283;-0.7184785057897243;5
0.8128050581971618;-1.0423717488809638;5
0.030821915365610908;-0.7683332732599294;5
0.553500401256601;-0.8772667005776147;5
0.43695513220371546;-0.8301407833034783;5
1.5287522000566105;-0.440425797999557;5
0.18284770927027943;-0.6646365977032067;5
