CENTERS:6
COV:[0.05, 0.0, 0.0, 0.05]
POINTS_PER_CENTER:200
CENTERS_COORDS:[(1.0, 0.0), (0.5, 0.866), (-0.5, 0.866), (-1.0, 0.0), (-0.5, -0.866), (0.5, -0.866)]
POINTS/LABELS: 
0.9259182293102945;0.21545438094104513;0
1.196283935437889;0.0013802322170591579;0
0.5876020522452745;0.04594791322717869;0
0.8842499766803176;-0.1771113252862313;0
0.7114704123681141;-0.12891318216313913;0
1.0630937869727184;0.05556888213322511;0
1.1099464538622943;0.08744500043185396;0
0.9742412683309559;0.04665904842998445;0
0.8683662793882448;-0.12444715554235722;0
1.1562812713634296;0.13272776925940497;0
1.1018550807527596;0.4315143091178306;0
0.969494985855061;-0.1771363452310697;0
0.8616213597438553;-0.5290476533462958;0
1.1828249555974557;0.0015163512343039838;0
1.006459682800303;0.42674930482098417;0
0.6512970291425896;0.2979195237298111;0
0.8757207083390145;-0.12686350648162179;0
1.526896884876178;0.16948480069976904;0
1.2022890291993205;0.13612477700575604;0
1.388864748513715;0.14389788273629484;0
1.3897726304037112;0.3187353669524552;0
0.8725090501135322;0.16762851772233298;0
1.0786447350658077;-0.14604446156678452;0
0.8891718817809607;-0.25794436551486205;0
1.3942354085801818;0.14913967145676588;0
1.0061135057600674;0.101613170069691;0
0.981004851267613;-0.03740281110147016;0
1.1330273286251864;-0.542618025421235;0
0.6889751312470315;0.21609099119919062;0
0.9152501630131532;-0.22168994361992195;0
1.3809783170178593;-0.3662142651465927;0
1.14648996862171;-0.018612928003866127;0
0.926584271122067;0.25981134762682084;0
1.0027973040727443;-0.07939080947580643;0
1.1746486668724851;0.04391213590834963;0
1.4483549813489818;-0.0781500247950256;0
1.236870332060895;-0.04454941116377153;0
1.1959836932815469;0.1415189031764131;0
1.0966156968095757;0.1681197848708618;0
1.129207487598378;0.00951061098810532;0
0.5450623130224013;0.04603366952394881;0
1.0067320511960431;0.011845470050212917;0
1.2607630910139047;-0.025865491408643356;0
0.6232812625245144;0.002555197536109287;0
0.6438975112768254;-0.07173237705414057;0
1.0307556754315224;-0.3036640312023827;0
0.45653079785843953;-0.13012518033160905;0
0.9671597965823616;-0.04249267773651702;0
0.9837967506095364;0.21651479824815872;0
0.7472473059128762;0.2540750111926325;0
1.14673858257597;0.10360205098422505;0
1.0637130757085265;0.19839707995188705;0
1.0235388144937556;-0.003640882149896105;0
0.9969475686899486;-0.004871310588437202;0
0.5428965179044681;0.5892335866698576;0
1.0248821998955744;0.10594110286227244;0
0.5824547433614387;-0.05904951390390505;0
1.236547355735844;0.08944808804788618;0
0.5600045779707183;0.4687226834928796;0
0.8524316073382433;-0.06246361197149427;0
1.0890447088879536;-0.24757474599340976;0
1.0552795639613686;0.057179766483206045;0
1.0144987218298762;-0.15748937071995356;0
1.1539585657925415;0.18544605957115032;0
1.382023113728555;0.14266640048934182;0
1.5147983965250513;0.05794371511066432;0
0.7523827727097501;0.27425804356785266;0
0.738228460794494;0.19643489710335027;0
0.809273175152499;0.21363240027536387;0
0.9591422174125612;0.22523288211230091;0
0.7076776847146269;0.08378953721842404;0
1.1769605268331338;-0.003907146030267583;0
1.0045525417249606;0.20756292004043736;0
0.9945471277996588;0.22262858936329205;0
1.3063589493785783;0.14467411499910154;0
1.4208573017567279;-0.06926341067054967;0
1.137442630704043;-0.40664458614582966;0
1.0821821993624636;-0.2048188012239843;0
1.263728692288268;-0.10812928677527416;0
1.119876648040326;0.08188598955065533;0
0.7130674586052664;-0.01221158373034804;0
0.8139705116245206;-0.1216329260200063;0
0.6252685929441419;0.1078558194317611;0
1.5124193781978228;-0.18971312233384732;0
0.9421368385695098;0.2740496672017713;0
0.5948004287175409;0.28903216729789183;0
1.0059393088455373;-0.052125907372604224;0
1.1008264908369878;0.236330094716791;0
1.0065253927359794;0.3636873929341797;0
0.9075927522344764;-0.16947741899355842;0
1.2983272390015164;0.060089084638163176;0
1.3508131533264018;-0.07655893562685526;0
0.8395264949118576;-0.020723444348080818;0
1.0017626783731441;0.07351560779336418;0
1.2371826176880756;-0.27976686163869774;0
1.3228217655451695;0.32258913362377956;0
0.8392815766521111;0.13955050360411694;0
0.8837873883518926;-0.6162645495427758;0
0.6799674781967033;0.12483729080048449;0
0.6510611693832907;0.3344175177308245;0
0.815242968876837;-0.2770184812500073;0
0.9275000134796276;-0.07552936022712745;0
0.8143236460658388;0.05206037023498066;0
1.4636005461333226;-0.21747047984062273;0
0.9566683353726868;-0.42304059597225935;0
1.1163945424364625;-0.04745953145764421;0
1.1155674204184682;0.02850441857632665;0
0.9518617583947259;-0.19021893087326153;0
1.3673189539647899;0.007665227620430933;0
1.147822356936643;0.362043543073509;0
1.1076319332102313;0.013713964256141149;0
0.910376811989998;-0.3153855745142129;0
1.456302628110986;-0.1857364883486607;0
0.8254248760582263;0.06361687662513289;0
0.900427808186831;0.20019611229876635;0
1.210703007813895;0.041641762023711115;0
1.0566897327380225;0.20955808243585938;0
1.3888255077648024;-0.05128003468480631;0
0.9104782927666881;-0.07534533755519121;0
0.7269305711143755;0.24735871079937105;0
0.727443161079188;0.14189541472705208;0
0.8614935898796187;-0.3918563597967856;0
0.9493787240132693;0.29169831978223215;0
1.0065014233873726;0.0663002159969325;0
0.946711069963969;-0.21916716642252054;0
0.9741837157725792;-0.11357585907368165;0
0.7159562426968447;0.24916697038540422;0
1.1910083213476639;-0.0969504192741043;0
0.8167462450114079;-0.07309442156900939;0
1.2259842541842063;0.35309061599011077;0
0.9722593968409503;-0.024881158034981275;0
0.5837065844149244;0.13707427041066558;0
0.776916365164219;-0.30882271589726223;0
1.1797980605573297;-0.2655397988879885;0
1.182729156573066;0.3277769093674972;0
0.9528469714365871;-0.005117363048163765;0
1.3334207609261453;0.14798970044269744;0
1.0291258146084314;0.051856487031469105;0
0.7387172654634611;0.5189457117993177;0
0.7970954133132521;0.2796062980577658;0
1.0414973924249036;0.01799625216829458;0
0.9483909329300617;-0.08289959093466949;0
0.9658044264268709;0.04849515323021039;0
1.225639545190711;-0.3264133511843498;0
0.7364992275295381;0.17105959789869452;0
0.9213116740839531;0.12160720333483895;0
1.072508686002776;-0.22702706219706748;0
1.0371066743138666;0.21320473761218403;0
1.0832141162423894;0.2825902861286984;0
0.5393347741202592;0.059990582079039685;0
1.1862900977614772;-0.1247288320596376;0
0.5853820448844659;-0.08522705854638461;0
1.0699320652730187;0.3983227489585644;0
1.235138411524447;-0.033160937306975176;0
1.3686750584708007;-0.19737565112961816;0
0.988782557739278;-0.07952913493434177;0
1.0401787231419617;0.11190395249462015;0
1.051880541694001;-0.12278757085446279;0
0.7790753067477773;0.19182375491487716;0
0.7790065901934331;0.1808293363920216;0
1.027407086542987;0.4464219048066674;0
1.0220399524119395;0.2762260371795595;0
0.8261129678904693;-0.35446256279264915;0
1.1673707171607992;-0.573841463115483;0
1.0273581841234165;-0.08690193380807465;0
1.4898229283095454;-0.06341663128636774;0
0.8688713830266176;-0.2316507486650507;0
0.7256200214226272;-0.25112048554240485;0
0.931874970733696;0.06713249838963926;0
0.815310275007243;0.40812446258426827;0
0.9000862289622175;-0.12259696669299062;0
0.7757114356749858;0.023882513619506034;0
1.031841046678255;-0.22792467514516226;0
1.2695754262199355;0.4780025266259031;0
0.8258981229086514;-0.3746009150870728;0
1.2252996671725889;0.19661603866711558;0
1.172242039584002;0.1182602147956736;0
0.7251241629233355;0.016052171112663747;0
0.8565243317874518;-0.19233682371340927;0
1.0257116315554016;-0.26893920048045766;0
0.78521645276419;-0.26694103377057027;0
0.6630703529562777;0.043850203045850245;0
0.8160894277866348;0.24449815093257646;0
0.961437077295098;0.009289505193590116;0
0.9192964210334521;-0.06257017722103334;0
0.9725365325077866;-0.4997782722554295;0
0.9866498366972041;-0.2013545699972947;0
1.1307596785004268;-0.46303734621808196;0
0.7062006698541234;0.2998322901849369;0
1.4093520052407245;0.04784566549736841;0
1.3639334159997225;-0.07218433074619424;0
1.2896856305903974;0.1994828224926753;0
0.9809505872657175;0.026684099258278856;0
0.807801600305396;0.11520993351350411;0
1.014455851212395;-0.3532343937487899;0
0.8740522486928263;0.022455113206987412;0
1.1909359706849685;-0.015784321557470157;0
1.029770290344354;0.1029368858346261;0
1.326801153974888;0.4322524593882459;0
0.9212886594040695;0.42341899115326553;0
0.42929979873854873;0.8594589769533503;1
0.31634369567635834;0.7684594848799353;1
0.7635109998794849;1.0694307533497078;1
0.4943438144791953;1.0104701943750232;1
0.38693653593889993;0.715908309035451;1
0.42520812462944546;0.9090179392743196;1
0.031972204761863354;0.969063099050131;1
0.3978905391641122;0.8796440189022794;1
0.5967299332780861;0.7654575096427914;1
0.3868963301566821;0.8610973033788121;1
0.7387597073750292;0.9613547828241278;1
0.46583002455502914;0.9427175134233219;1
0.9444100291697834;0.5536981555475029;1
0.186985834457991;0.8159877477479778;1
0.6261750488576465;1.0409687495398796;1
0.444875924449267;0.9990834106511302;1
0.4692332474569221;0.93136254248928;1
0.3560121457076487;1.2660657601865144;1
0.1765233928314674;1.036826146569187;1
0.6067046027524061;0.9896541886446714;1
0.4033384047912184;0.7868695696016311;1
0.35503689279555956;1.1199113447066842;1
0.7234042229870093;1.0333369651818451;1
0.9309751690210277;0.740697232449934;1
0.5702129684846827;0.8575882811969214;1
0.2359915997507473;0.769736343826579;1
0.8489342097173482;0.7128092657093743;1
0.440172954008417;0.7009283125971129;1
0.1554307137373735;0.7506073602071862;1
0.7493073012805296;0.9258917234500026;1
0.8714590561170931;0.6362161958113242;1
0.44925022155759536;0.6474082540801123;1
0.6468445667756142;0.7044646465443076;1
0.35770713871194293;0.47716904808744515;1
0.9373592363142427;1.1707810883429326;1
0.43001346853950767;0.8973162378856315;1
0.7524391713630554;1.109944369220841;1
0.49010074919168795;0.7666273629401733;1
0.840263503616322;0.7469274641871805;1
0.7923171666820004;0.9164259609346338;1
0.4078158252243658;1.3075934225037131;1
0.3458380035918685;1.2257018039582703;1
0.09620225238026114;0.8701065942732756;1
0.5369251424192177;1.212683939329549;1
0.4727069466932286;0.9147247801113716;1
0.7866381648680232;0.9883729116262793;1
0.721937444776429;0.2567735788747748;1
0.3458653542428626;0.8708351258447468;1
0.170697462218383;0.8084079151864406;1
0.665238027021133;0.482963289608352;1
0.7216983055264212;0.8963310032957815;1
0.7675806865875425;0.9880751117615695;1
0.37156835332431337;0.9475286028574065;1
0.11602618271982934;0.9150178212698619;1
0.5466608318934616;1.4031791609701059;1
0.6496663503141736;0.7559427475387088;1
0.3403231383801486;0.7284677287625317;1
0.40462275720792784;0.8491874507488247;1
0.4306357705768027;0.7930242716641964;1
0.5090153494910213;0.7148996107708547;1
0.14153502912978927;0.9727563162718025;1
0.6964878975828256;0.7873101019425967;1
0.25014120535496204;1.1922548197134217;1
0.33245027406005334;0.6838878933402012;1
0.46283907795135815;1.0005796048731104;1
0.1590550917711544;0.7297375222209426;1
0.27179771386024354;0.5704569555282213;1
0.3234896530424416;1.0811533867321284;1
0.16197009865901568;1.0436866218595715;1
0.11476974932298428;0.8187965132101572;1
0.2845108187708225;0.5413207830529683;1
0.2422199264169761;0.80205999890713;1
0.6525427005858815;0.8924768794521463;1
0.41468732793250357;1.0180609129998905;1
0.16267926588855292;1.1464182302156225;1
0.483646931323907;0.9449652142473746;1
0.15823929703554052;0.7664143808805522;1
0.19515784922749008;0.8050181229727674;1
0.07795250866139031;1.156697939964834;1
0.8421549605751554;0.6378226979083783;1
0.1399804835384571;0.5518945202613526;1
0.32552792682613174;1.206361664530353;1
0.39571581919130305;0.9436016063929409;1
0.30017069744142133;1.1902419780015825;1
0.47088859282467116;0.8951084797425432;1
0.5670931344777737;0.33561685277407893;1
0.16114773574231717;0.5732282592769125;1
0.3973866956846975;0.8039234955666751;1
0.8421100165355306;1.0101409333819293;1
0.65337843201949;1.3240041919008985;1
0.236310175918231;1.2353209219850563;1
0.7697257048598397;1.3145540646425644;1
0.7449546855705123;0.8791845301359122;1
0.7242259076017098;0.6748923389139758;1
0.6837984518594038;1.0188427775272062;1
0.42063121064177933;0.7295596850438353;1
0.46470077637859203;0.27612395479080043;1
0.46839831605404925;1.2060040001865944;1
0.8538265989554533;1.0195937299146596;1
0.14960089303165758;0.9195777181194292;1
0.7826746456871443;0.7277048960044874;1
0.7073376812169552;1.1436616799914283;1
0.3857169386004817;0.8555729697956451;1
0.3889257558620607;1.0294718893407941;1
0.309791702701739;1.3876020894474022;1
0.555541154233925;0.7253428446070889;1
0.47965952655978916;1.0659059186766342;1
0.4875043836303606;0.4840101441719954;1
0.5190170151377389;0.9465217713857772;1
0.6535515157630923;1.0101776278703347;1
0.5697305937554783;0.7816298140701244;1
0.46644099017000135;1.148686837753822;1
0.4336405931682087;0.6024506483611234;1
0.45555383289313983;0.7254626464217843;1
0.4465717874624704;0.7590847319209454;1
0.37509589763089146;0.6787789866282778;1
0.3814906849630883;0.784238328769284;1
0.6762374412364005;1.0867449157813702;1
0.44777123490629234;0.6948643682569978;1
0.4615152760332283;0.8782380876025642;1
0.4044559091938932;1.1159784273353257;1
0.4576310881862543;0.9694569833711333;1
0.5666536568943903;0.7324149409278831;1
0.49227409905236125;1.1221057829171366;1
0.3432282670295197;0.8699842063269843;1
0.6049366096021936;0.7806580974478342;1
0.5715540684421686;0.3364947017266364;1
0.5896994557815237;1.0669954363885525;1
0.6949272076614197;0.8571303137730267;1
1.048863224127563;0.8721126361741792;1
0.550122128449268;0.8467667424969609;1
0.683980183233947;0.6170531078171303;1
0.40256433232899835;0.5521512542809754;1
0.3653978570328128;0.9999841184730563;1
0.8265092931966578;0.8760138661741639;1
0.7459468784756983;1.017154787359145;1
0.28838042223306615;0.5268567778810347;1
0.7161216667562096;0.9655054661146205;1
0.49759486726326674;0.8919025188456293;1
0.619359399540717;0.9898689962870654;1
0.1929674255595616;0.8197222857631997;1
0.6566654109313727;0.8174957873839943;1
0.3628577750047921;0.8391116422814219;1
0.6168911223480941;0.7781633849435741;1
0.7063936876271785;0.5177114660700394;1
0.6958321093916036;1.019775434963678;1
0.5383689024113547;0.6779449282604555;1
0.2604736927187474;1.1618673379398576;1
0.22567266724105628;0.5852112128312434;1
0.43401863386915474;0.8044079673991771;1
0.9837360559030118;0.967901566570341;1
0.7432058782285416;0.9852936447319031;1
0.7842061529672537;0.9413169360750455;1
0.6041704162339945;0.9458561409224202;1
0.30028866031290047;1.0189875918526847;1
0.14120228792462286;0.8566691275426148;1
0.2896259574624165;0.7173832022319544;1
0.49379438886011057;0.8375589001809303;1
0.7297947431074541;0.9916032119492721;1
0.5388141249906901;0.599596919531982;1
0.43550089217821986;0.9957080748380522;1
0.695237082807238;1.118643051241389;1
0.41233983964805343;0.7214021653026228;1
0.6668185315654485;0.6905062194515602;1
0.8258307768882184;0.7224826206327071;1
0.6369962158578227;0.9664346211593993;1
1.177482427121053;0.7619493732506017;1
0.7743726727557366;0.6598272484614153;1
0.8193056823620957;0.6061973023796035;1
0.9458997223971983;0.8687519572500176;1
0.406150489860563;0.8823963700341408;1
0.5555603720239741;1.1169510138863754;1
0.864231648240976;0.8641572740182161;1
0.8982955707050613;0.7109429767069051;1
0.5221991224002366;0.7552000398178826;1
0.7201540408914412;1.1854892078439723;1
0.49379760061541866;0.946256948297081;1
0.3080858365678478;1.0474121084109493;1
0.34074234795865316;0.9227409517455742;1
0.42635146757532827;0.6720753555241468;1
0.654732674527913;0.8462859668070358;1
0.46247036419514287;1.0230409367659092;1
0.6428533489539809;0.8788781906843914;1
0.46793101820278393;0.8955121359721552;1
0.4966534544690696;0.41369015067734893;1
0.5855363041393513;0.8121114193939138;1
0.5111822619102799;0.9266491198536235;1
0.6694636050831992;0.8024717980181482;1
0.2794747326203039;0.8637478606627509;1
0.7804473771569694;0.8958308154510958;1
0.48335754156723026;0.8791681045617765;1
0.2915605043800144;0.9892563888261026;1
0.5395377350061273;0.7386158307414603;1
0.7733494207781311;0.8569623266876728;1
0.389399084616041;0.9035288185472188;1
0.7514992129501007;1.0831182473878127;1
0.42496502614170684;0.961637559021656;1
0.2602672886273073;0.8630780542238321;1
0.7899731620090716;1.3662685162426311;1
0.5656500554297409;0.5613374055093105;1
-0.46558904153984554;0.8448092511086803;2
-0.9238603728322432;0.9025912841640207;2
-0.3846488196520575;1.1392927928931984;2
-0.26313580694230526;0.5382895026638969;2
-0.6197505398076949;1.1058924780883843;2
-0.5676742038732089;0.653331729521201;2
-0.260418624607916;0.5422173022895362;2
-0.5044182877312802;1.072238777304117;2
-0.6265837018901738;1.0172968559797262;2
-0.25570447558406756;0.8023125106190641;2
-0.5440712491364734;0.8101292485619878;2
-0.31365431771857594;0.9981654648825646;2
-0.35501679776237494;0.7380207579858249;2
-0.8080510845357343;0.7553219760410652;2
-0.7423706945017524;0.9742150522034794;2
-0.7678391349218969;0.45972878600618666;2
-0.46995780456617003;0.6705135584633645;2
-0.09098065400576588;0.8664730654020693;2
-0.29691375503808576;0.5605513639859734;2
-0.4929209960062762;0.8298154823405078;2
-0.9820351071110383;0.6085916184417219;2
-0.6705653278729184;0.9490248378372557;2
-0.2073290973560522;0.9087362294788833;2
-0.5977501740774703;0.9715665081836828;2
-0.3241958922190691;1.4595780397740739;2
-0.4317806894202847;0.4486325368295548;2
-0.47942213040392845;0.8616262085822051;2
-0.7256942233109913;1.0488031540532263;2
-0.3038796176317319;0.6871321741506535;2
-0.377285148754646;1.0363315607485988;2
-0.5265681613682546;0.9469418738614338;2
-0.22781897709071086;0.8167879962194053;2
-0.49289217908605926;1.0094216646412615;2
-0.0909975803706401;1.1647497172205001;2
-0.4712901801361599;0.8977212508127319;2
-1.0519048670459157;0.9671388707176832;2
-0.45740570328495034;0.8152443050093848;2
-0.6537031169903956;0.5995027285647858;2
-0.6150530941245013;1.4283326258807465;2
-0.29187327418322306;0.897000894995312;2
-0.5151743402092513;0.8642110745467724;2
-0.32307735714468067;0.8245884234679426;2
-0.5379078500728003;0.8910657703405314;2
-0.4101539571052418;0.8542259796354034;2
-0.44344309434677215;0.6073827593606351;2
-0.6205149291169807;0.9252175484524106;2
-0.5976417946799719;1.4324106109129744;2
-0.5075182609352908;0.951741742102932;2
-0.7928712805027162;0.9976808634636776;2
-0.56395532852606;0.8666724600432806;2
-0.42206001646776575;0.8449059454246092;2
-0.42333912599984447;1.0849427463477654;2
-0.5895995576273035;1.2810461565859919;2
-0.39579904336522787;0.7270573075457034;2
-0.41147391917242127;0.8684441177466005;2
-0.40877448664812754;0.9737370034095297;2
-0.5080721522031673;0.7971872855727359;2
-0.46642545373947575;0.5447301935784445;2
-0.464163492138959;1.0067356625944262;2
-0.254430142161008;1.0834929530406308;2
-0.4815526578032785;1.15451980051475;2
-0.33212443549890336;0.8798142677188519;2
-0.35170752841287045;0.9824516661986772;2
-0.48583772391691826;0.6866895647985478;2
-0.45192666660692804;0.8021805175310696;2
-0.5024041249979808;0.7807668112956712;2
-0.5477276210470255;1.026531389983901;2
-0.33746044831303246;1.0876036873035064;2
-0.6649749411579606;1.1448727361206175;2
-0.45546515756691897;0.9090955438989043;2
-0.31163108860650235;1.4747210515466698;2
-0.4238175077341305;0.5757982457399262;2
-0.5328275958810313;0.5135351000186092;2
-1.0018793431582318;1.2127899521194214;2
-0.7257712514072991;0.6534546653431781;2
-0.7327382420953442;0.7628406164988983;2
-0.2864222686708021;1.2639272509591593;2
-0.39418679741885926;0.8979526452470833;2
-0.43225909859358974;1.102346560695235;2
-0.14007315540506987;0.8599332453845238;2
-0.8915259364937965;0.8286387134102307;2
-0.37435351701727365;1.1617006296325312;2
-0.4393269043241479;0.83897306143737;2
-0.6139648069089708;1.0466164949698094;2
-0.4803898017128348;0.7598905014156816;2
-0.7058541881826036;0.8966147510365303;2
-0.6395761529607363;1.0774581398930834;2
-0.07753959453720849;0.8515845615276928;2
-0.4451984865659113;0.8713062628647532;2
-0.5306280020581153;0.9645861233485625;2
-0.9359014725937431;0.4287794906537438;2
-0.618070755391149;0.8094973806441476;2
-0.6207957430789657;0.9113898133465501;2
-0.7980532875746906;0.8263338345091515;2
-0.5090924171983061;0.7175997467459339;2
-0.5748956223053486;0.6059107035474798;2
-0.4376715290509983;1.3358813111849002;2
-0.34890242422148;0.9461267700138782;2
-0.44972530527937504;1.0117040266755863;2
-0.6967916737860628;0.8522730761306917;2
-0.40557341521986323;1.1783460081142363;2
-0.7648735040104443;0.7830152212950201;2
-0.5995077724147035;0.7788657561338911;2
-0.4451375589304859;0.566846260670367;2
-0.504179300484705;0.8844769750643448;2
-0.2753576684981769;0.45260285139742606;2
-0.6900641986597489;1.0987527585525987;2
-0.9288827108188888;0.8365921190285828;2
-0.18474800791470147;0.9770359434266096;2
-0.3457033926149964;0.8146439833173275;2
-0.5048243731463482;1.1026388727439413;2
-0.15989300344792967;1.0036289364995465;2
-0.2868081896756599;0.8750097537333934;2
-0.31417299108546926;0.9583658481213196;2
-1.2575308572555755;0.9387941494116214;2
-0.38580894963537293;0.39513703646866305;2
-0.4350793622166897;0.8917071579225049;2
-0.39882871955278026;0.9513552714703242;2
-0.19368135991668028;0.8473315474494184;2
-0.3139027548874329;1.2559417694191901;2
-0.43548220065211196;0.9733493278859987;2
-0.7938574689628667;0.850236811188385;2
-0.6865290588211177;0.8289249257600197;2
-0.25843935392509754;0.8872242233523299;2
-0.4103624785098584;0.5859317963633723;2
-0.32976462791153005;0.959332473916503;2
-0.7458247602971528;0.5515634017884958;2
-0.7787986925203703;0.7639889888150354;2
-0.2140639758515302;0.42268052663494476;2
-0.7796672728929211;1.0734518035840246;2
-0.7755122573395299;1.1721529104091288;2
-0.003265863216163012;0.9028935334932376;2
-0.48282408552765305;1.0821617213588834;2
-0.42380399773290384;0.8862428354589016;2
-0.3670439791637254;0.9826831832951878;2
-0.39807814963290095;0.834317786501451;2
-0.7148000885810628;1.0635878081723107;2
-0.5064859960040937;0.6990914405636749;2
-0.2847800274845881;1.1704516249491168;2
-0.9861079587825464;0.5629169502924725;2
-0.5319421380197213;0.6447350782335375;2
-0.6774830844602394;0.6656778628951092;2
-0.7438192177401682;0.7112282432147655;2
-0.478063551451979;1.0235203489336562;2
-0.7709074957165022;1.092575967356596;2
-0.6449995256800526;0.8384313938706272;2
-0.4777314641087155;0.9925024338413188;2
-0.3623046908418096;0.8235119979859596;2
-0.5632462049589619;1.1587869875868964;2
-0.42025965551575917;0.488801790040293;2
-0.5721109156442155;0.6796232281219746;2
-0.5757147021061644;0.7138114394810664;2
-0.823333911848587;0.9534657524757711;2
-0.6181704455505044;0.7668786701389422;2
-0.17803301839919822;1.047100988522725;2
-0.3472581747225144;0.42312751468833165;2
-0.34979313820521063;0.8407015802058453;2
-0.6863201890896746;0.7134675568983203;2
-0.8600552087865334;0.4689902768400574;2
-0.4117106843178736;0.7983949449582082;2
-0.12327644512351305;0.6787882661676603;2
-0.4566400225192289;0.7518193123234932;2
-0.6872994578615412;0.8004266954725329;2
-0.5013650348037677;0.6342215167884312;2
-1.017527792142741;0.2877035051938396;2
-0.2457511216925451;0.8423448677598816;2
-0.8482090377336875;1.002037222731534;2
-0.5307498488810823;0.8223381980164206;2
-0.5127071202781228;0.9939236494371538;2
-0.6567834984791352;0.5447258009151947;2
-0.680021684747338;1.0469250800269734;2
-0.4114154358603403;0.6519044307607401;2
-0.09390480263076517;1.0298330803707305;2
-0.33831956705614313;1.0083265280475102;2
-0.9997562734393645;0.9257116362499226;2
-0.40354140190748217;0.669400540042393;2
-0.3496987233871595;1.5076864843408044;2
-0.6646079142341164;0.9027772314779846;2
-0.8308388465979213;0.5799495388672868;2
-0.37800502470013114;0.6382207417108505;2
-0.2144663417658254;0.6994053955492625;2
-0.41773283287308205;0.7674776989821546;2
0.12509288085078318;0.9714464968205586;2
-0.9166001530051082;0.6520393689393752;2
-0.44669484198865683;0.8025127663400812;2
-0.40191907480630024;0.9371505187998308;2
-0.8184810096838682;1.2863260565860526;2
-0.5434627914681035;1.1216211166802617;2
-0.5085013202721865;1.0759991087851979;2
-0.7811409146197039;0.9095060413935158;2
-0.3431098152222164;1.1471052666954122;2
-0.2825785589317372;0.6887399746027727;2
-0.5062685077815753;1.2834335972666362;2
-0.5208545389699865;0.8613351306465566;2
-0.5891068745794493;0.9438488640523056;2
-0.5779499060298402;0.952047882763083;2
-0.40908976216449533;0.8038234850118928;2
-0.35785031631930253;0.7782380913391662;2
-0.8953299288945604;0.9635388608148199;2
-0.14487700368678869;0.6970532154151888;2
-1.1276852128672377;-0.1160958726850976;3
-0.6909667418706806;-0.09094999572588633;3
-1.170975248106005;-0.08747509885032989;3
-1.546135291533032;-0.040606387683433366;3
-0.5642139110878421;0.07299471161103385;3
-0.8908611185371329;-0.15894208296156767;3
-0.7576135979139071;-0.4084539294321095;3
-1.2822452701694484;-0.1863925582784676;3
-1.3352820849371678;0.07893192011874209;3
-1.2687719890624383;0.008765549278540223;3
-0.6742959072167296;0.12067313126414046;3
-1.2579981975465917;-0.3310000393474002;3
-1.1305201569124537;-0.4147369194103687;3
-0.9182003745166172;-0.2192856051175367;3
-0.683892473587935;-0.11231110350627996;3
-1.0873567715617638;-0.009355323185648788;3
-1.1796872360428081;-0.08308343127536329;3
-1.0833941906076647;-0.07689227843987094;3
-0.9284799556924053;0.18993320748166156;3
-0.8576052104047359;0.35873932247826634;3
-0.7967162136082404;-0.13107795766046293;3
-0.5239769705960523;-0.1918393757318076;3
-0.942227639847741;0.17570858817069177;3
-1.0813597489174145;-0.0004980129566395598;3
-0.8686095359981811;0.015761487436504587;3
-1.2286754511782354;0.1582732395965301;3
-1.0094469606960554;-0.20606930231476525;3
-1.1445776099653013;-0.4189618631548174;3
-1.065106121953969;0.43890549787511174;3
-1.3578272875096822;0.3531448362297614;3
-1.133240093250895;0.31294716690910757;3
-0.9517168928199099;-0.3035239513869732;3
-1.2037655124933513;-0.11012783831156507;3
-1.1835558896445375;0.12134460550086483;3
-0.8892348892151954;-0.16940645823107967;3
-0.9991635214961482;-0.01082135143484275;3
-0.9494723114843165;-0.18010376466966765;3
-0.9394109615839479;-0.14762894546785507;3
-0.7749244854642149;0.28362745727071603;3
-0.7737269081728511;0.11806698490710597;3
-1.1443946598600605;-0.11393741920237463;3
-1.0044581941993453;0.1446842651694008;3
-1.2684998324369448;0.026753380232155188;3
-0.8817756150073848;0.461763218126059;3
-0.7042545925523773;-0.08301178563657145;3
-1.1412584957711507;-0.0010676214543348629;3
-0.9122374055402791;0.06223863457596106;3
-0.30475462307736345;0.35146308146694827;3
-1.19040031810462;-0.1555851476689554;3
-0.9668040725898486;-0.2841894996824591;3
-1.0359501997653866;-0.23682334019621995;3
-1.2020973660471421;0.3674202706155703;3
-0.9929685665069748;-0.3175039233542876;3
-0.9552361439334816;-0.31752815684151553;3
-1.3859749761993596;0.09282447643052567;3
-1.0209899506020843;-0.04840289583452795;3
-1.214715133735354;0.09710328511874804;3
-1.26166161882185;0.09638216153693947;3
-1.1448168099718912;-0.11881473140399908;3
-0.8385676150922874;-0.3465444957729196;3
-1.181297181906325;0.36097181188780847;3
-1.010628520049786;-0.306157978809655;3
-0.9038437740205705;-0.18764358102257603;3
-1.1651143070936814;0.04045917425761939;3
-0.8027997495694245;-0.23728297759189024;3
-0.9751956018747168;0.12803154051572443;3
-1.3026799906557813;0.14186616702543062;3
-1.3341351263301513;-0.08222573485214198;3
-1.0213062945285112;-0.3165199105018971;3
-1.3338318755030458;-0.41453906154511583;3
-1.4935109664510997;0.18537496676701465;3
-1.4901441607229646;-0.0745873295108465;3
-1.2904658060471028;-0.28960652324259634;3
-1.2311965566442848;-0.02896876216881052;3
-1.0934789145097115;0.07554900686176122;3
-0.9821762523873047;0.003055779378400885;3
-1.03644165845209;-0.14932877789126306;3
-1.184561003303197;0.09152141966025265;3
-1.0781102640411158;0.20897970229290794;3
-1.0801066466505826;-0.13660655583444486;3
-0.7987814558820566;-0.1502421538389704;3
-1.0029730682710767;0.25326199773477914;3
-0.695742919560192;0.02676631429529835;3
-0.6507430690443258;-0.33350483633944084;3
-1.2399983279109799;0.55687789650103;3
-1.0919464877740497;-0.02134710528735744;3
-1.1624745031989663;-0.13175007805409752;3
-1.1487532656802477;-0.19750405306589316;3
-0.9832992199445978;0.45805754104526963;3
-0.6944531789279749;0.07612791182531105;3
-1.174878699058455;-0.03774233158739255;3
-0.6813221643603785;0.14716322733738924;3
-1.136785780031933;-0.12223084617644676;3
-1.5518799857969354;0.2612084941117184;3
-0.8792144901938731;-0.11912922159515729;3
-0.675196631158238;-0.22808014908337004;3
-0.9414937779504567;-0.07629810657974923;3
-1.0361828059219764;-0.24439608366050022;3
-1.0950461593416878;0.004116617754482093;3
-1.2285108395541238;0.1771534136674155;3
-1.2513805357058272;-0.008036957666309505;3
-0.8611322253505753;-0.13358383609020177;3
-0.8447233261714466;-0.16471472627303643;3
-1.2723578638296986;-0.3807913951983031;3
-1.1672235003965876;-0.2613595012112041;3
-0.8735894580095469;-0.3206239336340936;3
-1.1900970678567755;-0.21290532258008693;3
-0.7173801655444012;-0.13463028574323563;3
-1.1500411918799749;0.17559502973925853;3
-0.9198257741611754;0.17317383344908044;3
-1.0899632269078638;0.5459645009143694;3
-1.4571771441737076;-0.11515400693295703;3
-0.9593159528717666;0.051241193339505504;3
-0.7871330979057019;0.14348647134898737;3
-0.6962659858565711;-0.0007198571281203103;3
-1.2317699759283263;0.2681961727021676;3
-0.8991705290269645;-0.02362759338792798;3
-0.9932729981394227;-0.04805663963900562;3
-0.8544276723410003;-0.26508343567800063;3
-1.4820129503959345;-0.2767353106883281;3
-0.8512034960744164;-0.17599090357246172;3
-0.90889222711995;-0.18619700464155173;3
-1.0151956819066865;-0.03248474390501769;3
-1.08517648987173;-0.06426044257905095;3
-0.8390624055635661;0.24007622022176645;3
-0.6670017775743999;0.46171860704346174;3
-0.6317652269508354;0.15630766273430455;3
-0.9851769813224032;0.0015174813249842762;3
-1.1563455919742525;0.3555398015231874;3
-1.3500945559788182;-0.020953032987645857;3
-0.9258803075313957;-0.17674165972186553;3
-1.0130190181847563;0.1861961697170083;3
-1.0564542846271692;-0.0885865607176447;3
-1.0677331562730452;-0.006236338103935287;3
-0.9434227874264468;0.12084093841244788;3
-1.0418837606480513;-0.142615222305733;3
-0.49703289967247677;-0.19434101149759492;3
-0.9009983377359704;0.1570764423410133;3
-0.9720195795000102;0.25659650181905663;3
-0.8766416106215438;0.08245208420711884;3
-1.0084677222369973;-0.1284741241569119;3
-1.030600190294919;0.0876379801189492;3
-0.9357437009257584;-0.2591300713741559;3
-0.9897333688882088;-0.10174038708695504;3
-1.126132377409844;0.04307864252242409;3
-0.7806912470155414;0.3242102730002327;3
-1.0727444481729678;0.1517157423402708;3
-1.1301109858592893;-0.0401847310905956;3
-1.1876438295134555;-0.20829488470531482;3
-1.13893944545884;-0.10021695456636164;3
-1.0267199969981797;0.010714042274134892;3
-1.1453617656512463;0.3972593696959198;3
-0.4371280652887902;-0.26108916471734733;3
-1.2310946240745722;0.26310479395299274;3
-0.9465754162319442;0.02618611673660643;3
-1.1616825541345566;-0.2093622078762647;3
-0.9504271445154968;-0.23267016157281387;3
-1.0931311222995934;0.10909330767638015;3
-0.8883408776394794;-0.022717439649529256;3
-0.8175150461979498;-0.38093094850455417;3
-0.9530924731635924;0.16779698000781149;3
-0.842926453205878;0.19155443322354018;3
-1.0807518995540526;0.1728747979673206;3
-1.3760455670443597;0.291413739702487;3
-0.6972589016050604;-0.07315603874612035;3
-1.1005454988301364;-0.1384791091530731;3
-1.1258987508514633;0.014716826518482109;3
-1.031584725538808;-0.3293458300503107;3
-0.46951743784965727;0.10080940553129847;3
-1.2054077172124955;-0.17570882452455672;3
-1.2605352539826837;0.25360786296795595;3
-0.8939916092959113;0.11220941252102011;3
-0.5131460505204618;0.3602957316655022;3
-1.3365252357308592;0.15324276781791293;3
-1.4875124019807302;-0.17026531079766974;3
-1.0991110914031712;-0.0064170347957977995;3
-1.129058868880462;0.06067345377570006;3
-1.0608027919881255;0.37957609344299503;3
-0.9292075631650932;0.10842450107772833;3
-0.8565200248578816;-0.28196474165840296;3
-1.050642791675089;-0.32197640682715795;3
-0.9367760012616272;0.2033458144953103;3
-1.3618881690612747;0.4215134907620589;3
-1.0409226469951243;0.3449980755889646;3
-0.9850720818394243;-0.2563039766557388;3
-0.811843820026432;0.07881110946328002;3
-0.8522965876987121;-0.35243347528932767;3
-1.0674546406915042;-0.4110185221430594;3
-0.7190593404634725;-0.290815469758402;3
-1.0868849246747792;0.5517330265498296;3
-1.105457701922739;0.03440748441427639;3
-1.0914920773292534;-0.3077829634780516;3
-0.961008209373425;0.20060453998921532;3
-0.9060375963001471;-0.20592648408059377;3
-0.669548570656536;0.40830852238285426;3
-1.196051214944967;-0.025883979251906532;3
-0.9112601368725215;0.028657338336235016;3
-0.9127853351305594;-0.6299948737422748;3
-0.8322175031798554;-0.4386840308061498;3
-1.3318346624362563;0.2892654111118707;3
-0.7853260395239934;-0.8453652449759845;4
-0.225395038846809;-1.1713658526360942;4
-0.06031993261738505;-0.5494538009793088;4
-0.3969044588440404;-1.1033108353167553;4
-0.4252976424981506;-0.7717498417355001;4
-0.6645942097133818;-0.6784226461491065;4
-0.42398069592082877;-0.5562549025678882;4
-0.5953239526090534;-0.7093287056327793;4
-0.36973050213324843;-0.7011145396129426;4
-0.18910438727895235;-0.7197246189521057;4
-0.20056437674248806;-0.9058596631800266;4
-0.83147123432018;-0.7116440342914442;4
-0.49609833282473637;-1.1974046099762368;4
-0.6576230713577785;-0.7713457082751635;4
-0.5682440499449347;-0.885379602504443;4
-0.4038564205593603;-0.7619118445565624;4
-0.6707065618375216;-1.3747246268810538;4
-0.4964824818263747;-0.6085542818753955;4
-0.6897826493297303;-1.3584165583827224;4
-0.41595132314043476;-1.027019728705175;4
-0.61556190537379;-0.7879088503201982;4
-0.6285506549727764;-0.3436635126564239;4
-0.38313702892567003;-0.7889283929930048;4
-0.4578189249877078;-0.763139383684921;4
-0.649113613524713;-0.9408186433236607;4
-0.47566478391206374;-1.2394172939406733;4
-0.39205669550912337;-0.8483439665353076;4
-0.4264009688687108;-0.9840897996984866;4
-0.34902018651715655;-0.6975228925089592;4
-0.07689796628931589;-1.0199295823770647;4
-0.5722120680730998;-1.1163298861339246;4
-0.40328856662071255;-1.0679584356134857;4
-0.29398045638817505;-0.6139749775294918;4
-0.6238509483878922;-0.7206915267537288;4
-0.49368035238347574;-0.5181519055098611;4
-0.5355688030491264;-1.1126139968828475;4
-0.3804661311130911;-0.7386180988754758;4
-0.7083158727156704;-0.8433496767126134;4
-0.4472757461213637;-1.0235276348503868;4
-0.3942300517828791;-0.833796791117651;4
-0.8043805298892617;-0.8679218797936894;4
-0.43650946561581805;-0.4830762515615247;4
-0.4480958805072694;-0.7932227511109615;4
-0.6036540937087328;-0.831223282811437;4
-0.7330825102496606;-1.008261139519124;4
-0.4839415442037204;-0.5131286336801375;4
-0.453283309337762;-0.7188559509210859;4
-0.43132967775137243;-0.8152152130774061;4
-0.37640639794024894;-1.1191095895060426;4
-0.4433314493915169;-0.7816582586880523;4
-0.47083873984399616;-0.7181289122499535;4
-0.4576989892706234;-0.5918964679663226;4
-0.3827940250070848;-0.7296951548609962;4
-0.2026504513398537;-0.9481229589176245;4
-0.8043771023824962;-0.7255848111079529;4
-0.6910231032142813;-0.9600500908437313;4
-0.09195144574055297;-0.9300181971683913;4
-0.7556824539022442;-0.7546463777678216;4
-0.6540533390671144;-0.4812770354127681;4
-0.7072273146066312;-0.9868392318496888;4
-0.7836925417931578;-1.0217527482580469;4
-0.7700057308122386;-0.8347304020844009;4
-0.5198334635709303;-0.8627519223448155;4
-0.47692657185885545;-0.9782529309573192;4
-0.38921321158877814;-1.1772453913109502;4
-0.1927857029438097;-1.0393912514845007;4
-0.6158138098702189;-1.1324854301661642;4
-0.6872441685251144;-0.9309234285890619;4
-0.48384347462770494;-0.8208723501346679;4
-0.5365064965219787;-1.0154806706819217;4
-0.5418012840200455;-0.7429542225101442;4
-0.5499083295792014;-0.7870404496405594;4
-0.963370686118868;-0.5938825927697566;4
-0.5763188125088781;-0.6763660049888834;4
-0.6742046562167352;-0.6473941288640817;4
-0.30371564221394787;-0.7176697414403056;4
-1.0174937998153526;-0.8413965398493832;4
-0.36795385180015927;-0.7201800709436875;4
-0.6387019115033443;-1.0878691496209034;4
-0.2859141801886167;-0.657017288498198;4
-0.5457906999789752;-0.9857572901671399;4
-0.47051181558866173;-1.0441262848061272;4
-0.42125081451974544;-0.6131130317746436;4
-0.5120437990755077;-0.7301114901045523;4
-0.43743574066746194;-0.8957316678901146;4
-0.5009441936903085;-0.4627945553876213;4
-0.740520896059805;-0.868462562185416;4
-0.3471025374626643;-1.253473874818853;4
-0.3473395014024051;-0.8259696410487606;4
-0.3567049087097284;-1.2309462517525878;4
-0.7167788257658495;-0.8353175052640477;4
-0.31984051892143617;-0.8812431486075286;4
-0.7956260134982085;-0.7237512219371987;4
-0.3775720060326589;-1.083527405543507;4
-0.734226892696632;-1.0159552774326102;4
-0.46014161745921295;-0.8149720530778425;4
-0.3728411727033296;-0.6263811379053748;4
-0.8205476957648234;-0.9272297707802348;4
-0.5163821555887789;-0.5606818068834043;4
-0.6538486195289608;-1.1277195961503588;4
-0.9778510390528179;-1.2058362496312358;4
-0.8143597037855943;-0.8154639297865496;4
-0.5533992665792047;-0.7764541267857556;4
-0.5775691112355898;-0.7920513510029418;4
-0.6264523576467067;-0.8346271820003432;4
-0.492370784343871;-0.8999904534283172;4
-0.9302642901836748;-0.9239372155773484;4
-0.41814693183002744;-1.0876349075858687;4
-0.5160205630194606;-1.4056031738980064;4
-0.5620389304182313;-0.9085604264661444;4
-0.4325596087561;-0.9349493384418042;4
-0.719976956696057;-0.5880732050735293;4
-0.5022075957284962;-1.0447474178710037;4
-0.3055512145511219;-0.6815312507782021;4
-0.30429346937247786;-0.9144505257248517;4
-0.38869996439991406;-0.9192274062005954;4
-0.17213683966455967;-1.2094053454568785;4
-0.7450093205638773;-0.6188345608461732;4
-0.5676922891714659;-0.7311515050872109;4
-0.5521667329560267;-1.0750774818280515;4
-0.4628971540026505;-0.8186122583646356;4
-0.6103571691933604;-0.6363784970946476;4
-0.5591988513651667;-1.0714572088429546;4
-0.5912068319041452;-0.8501908734058244;4
-0.7719107867719557;-0.7345399389669913;4
-0.10637915120468094;-0.8814921464764555;4
-0.8182330461151702;-0.9530702638403008;4
-0.818895935513944;-0.9126868547558815;4
-0.5379631217592654;-0.7669339751678377;4
-0.6243588729313045;-1.1522199830838338;4
-0.3132833841088337;-0.6713932358585828;4
-0.3868433053960345;-0.9763317177374997;4
-0.22212780984189728;-0.6519606343505423;4
-0.4281578719644347;-0.8132664032753774;4
-0.41936336182688305;-0.7020904208385856;4
-0.5491086367717805;-0.8089901382596036;4
-0.6040477339214625;-1.3467915767837797;4
-0.6225126879159092;-0.948611740493604;4
-0.5759783215312537;-0.5716967093001226;4
-0.6388250736850399;-0.7244730074126255;4
-0.2583643485811829;-0.9395566600955836;4
-0.32919039304949216;-1.0501109324080886;4
-0.16777925403502447;-0.5646138506444128;4
-0.4947547981223518;-1.2255795958722584;4
-0.4175356921026555;-0.7681207209685106;4
-0.19166588085079733;-0.8991600139028137;4
-0.5153697228645342;-0.6441803328558928;4
-0.4564896575178116;-0.9497534858138972;4
0.009787518448580501;-0.7608745283967426;4
-0.44204902686722386;-0.9485689935064188;4
-0.3022886202029648;-0.8670546843870167;4
-0.5065710112900043;-1.1797504858125434;4
-0.2758027489079937;-0.8550015148575857;4
-0.8480604746206817;-0.6599707200390139;4
-0.500431365994965;-1.3773056124002183;4
-0.4932606918464915;-0.9628054009902209;4
-0.4562396995094665;-1.0340906135764278;4
-0.8780406605851784;-1.2177196930557033;4
-0.649356102471265;-1.1148624939843317;4
-0.40161713203361515;-0.8325679645624398;4
-0.6189146036462484;-0.9172466736731468;4
-0.09479939577359459;-0.5051126657654416;4
-0.9054187187757896;-0.5546790181832926;4
-0.7816612427929859;-0.8283422768183157;4
-0.9707244640014742;-0.8289651180584274;4
-0.6967192050947573;-1.0758382480115378;4
-0.40958923907536493;-0.9119540282435438;4
-0.3937863710368644;-0.8525046779222636;4
-0.2046962205795984;-0.7600632148866256;4
-0.8177696356869048;-0.6592882524247863;4
-0.4155591240934617;-0.9364801530665752;4
-0.5211653481566215;-1.0264520458140975;4
-0.6816257425962731;-0.7847345470388151;4
-0.4016011721109431;-1.1673350785767367;4
-0.5165261315338463;-0.789437447432223;4
-0.6834637273017641;-0.8775758120889746;4
-0.3215724283426997;-0.814817942481328;4
-0.2439723675957819;-0.6755513172128126;4
-0.6034874167612794;-0.841256606308822;4
-0.5534003231209766;-0.6278110582217974;4
-0.4962950994072736;-0.9471664944445772;4
-0.6938075171568374;-0.7313744982360949;4
-0.4356954911680521;-1.2555449217008656;4
-0.6334867069315857;-1.1236361689321974;4
-0.3453900466406896;-0.5495173764012631;4
-0.41618149554980965;-0.9863217468410662;4
-0.4532720554832019;-0.679450080983756;4
-0.8131902697064862;-0.4376176239064953;4
-0.5326562902469567;-0.7364510069664693;4
-0.4722929158993077;-0.5414112999707676;4
-0.4485018455362471;-1.2680292936367952;4
-0.4268882659659612;-0.665653329696414;4
-0.5997499483693477;-1.0198668302578158;4
-0.5036746177163028;-0.9555304467140013;4
-0.28272102475200056;-0.9340211372334761;4
-0.6524304494326159;-0.40968629841764337;4
-0.6047479921322269;-0.9634764847342918;4
-0.18984640381194645;-0.5630911763618845;4
-0.6396291491352871;-0.8334047008957665;4
-0.2657609448265178;-1.0250841794892034;4
0.5448675655199315;-1.036065882953821;5
0.8253810683212164;-0.8345920676228976;5
0.5829517937338713;-0.9022120170083042;5
0.39046646395938645;-0.9284591188423719;5
0.6546578398737548;-0.7618720420696911;5
0.38196879402582834;-0.866167385628918;5
0.6111082219672727;-0.9038361503879255;5
0.3721511947485545;-0.7637073426570853;5
0.3757499224308458;-0.779201350531152;5
0.431911088569661;-1.1771312064791037;5
0.4084319628134503;-0.6880754084527819;5
0.5551542099683864;-0.5837823187586004;5
0.48989603333254256;-0.9698266914703827;5
0.5742813107877579;-1.149005178807772;5
0.7713134213222974;-0.6779986204199373;5
1.1297910036380359;-0.9102798036993601;5
0.5351360803826906;-0.5891379678558142;5
0.4932436039919952;-0.5153504581243635;5
0.7453154965757756;-0.5734977375758934;5
0.22633267020960324;-0.72020015407223;5
0.613880575042759;-0.9148628332701798;5
0.39268296353897475;-0.31815483919000564;5
0.32569976085110197;-0.8593016978096059;5
0.5375092271448988;-0.411636280431051;5
0.5896474703273915;-0.8070733959900146;5
0.13614576014337643;-0.8884391002912042;5
0.8455468250317815;-0.8784392915587675;5
0.07827774062803244;-1.128152675592337;5
0.44960064285582757;-0.9562905374777506;5
0.2629424799970797;-0.6284480591411545;5
0.4221458140054952;-0.9947050530095571;5
0.30276262309395874;-0.4679524414473586;5
0.3000897109927633;-0.9445852119604748;5
0.4952948473435272;-0.3861727962973547;5
0.552921770665124;-1.0164848725485713;5
0.4477390502107725;-0.36970852155553463;5
0.7333052013352288;-0.7853518959494631;5
0.923789598033355;-1.019568466765146;5
0.3838880702735874;-1.1587412144175275;5
0.8363605910213459;-0.7195473981636784;5
0.829633258564161;-0.7738722082708492;5
0.5036779211545204;-0.7532087655259078;5
0.31309234406101005;-1.0646000034340244;5
0.4789424251291507;-0.8158558399523488;5
0.6840405755665349;-0.6989531337325801;5
0.8864912087846593;-0.8646576630296392;5
0.29058101704150124;-0.8238480727624025;5
0.3679030023208456;-0.6709006632071314;5
0.47001909297750677;-1.0857409385429044;5
0.2676225908590196;-0.5960301382010674;5
0.5429079115731505;-0.7712076767570227;5
0.5064270228170739;-0.8275805748625831;5
0.6803498214684373;-0.9096384102243805;5
0.38284593415962936;-0.8841372383233547;5
0.24725151142151075;-1.0063615185788353;5
0.40386019428981845;-0.8753364931684304;5
0.9959915130648413;-0.3915702919890377;5
0.4691412556211538;-0.9413476894070392;5
0.535778140642947;-0.8587227679794466;5
0.5303326924895067;-0.763788226586147;5
0.5502014431735113;-1.1621588119836028;5
0.43314845870972646;-1.0328117540314137;5
0.37858009041286833;-1.0591938510556842;5
-0.03589540956954085;-0.8193548846620974;5
0.2621635276240327;-0.8363164920347262;5
0.16999681073929734;-0.779659294359782;5
0.09861568628966616;-0.9671687574216322;5
0.8189840506981857;-0.7983337649978985;5
0.5624768408382083;-0.9305905447030847;5
0.5864264350639556;-0.5304456880119187;5
-0.16594042904451822;-0.8826775219095747;5
0.530759375512289;-0.6131279948611359;5
0.6010262368839633;-0.9939886152900901;5
0.32684917266062097;-0.6558258258997152;5
0.3185233918390362;-1.13628354823281;5
0.21497866336124144;-0.7484385345537916;5
0.17137743627567092;-0.6310014095565736;5
0.8198620908716645;-0.570863654002749;5
0.47971461761986206;-0.9151332471338711;5
0.573925242475454;-0.7638097960065058;5
0.608833563568217;-0.9490796201290403;5
0.6949224799653517;-0.7872892339788664;5
0.3255032576178608;-1.2124775143096045;5
0.5242778929654974;-0.6148389811748145;5
-0.0029172136479459487;-0.6157502414679701;5
0.22735906101800735;-0.8348795263460697;5
0.4233212763595101;-1.090396413641312;5
0.8247643236198143;-0.9385122306330294;5
0.6319460680551321;-0.8201962771123853;5
0.6216586233343034;-0.8692917505943899;5
0.6749497486819419;-0.8577506362686037;5
0.4911375281471627;-1.018380345634761;5
0.5517841828722516;-1.1108024527499998;5
0.8538650143891707;-0.7237826160198592;5
0.42752462307082767;-0.8718587648156235;5
0.5729708000796625;-0.7861911923666596;5
0.5403394576808693;-0.774955969172979;5
0.7721261646439679;-0.8300499800048406;5
0.5797747716990156;-1.0373519749413727;5
0.4561340203239922;-0.737488103944354;5
0.661538601130172;-0.8461914371676905;5
0.37901902569819446;-0.75967620517253;5
0.5381262988996236;-1.3256675040459256;5
0.9544218339726995;-0.4209917579473616;5
0.90830803597699;-0.9685426980064642;5
0.33799284532825347;-0.9636692238796727;5
0.4632438694208744;-0.5867202446425455;5
0.5291162201939605;-0.9452970386761237;5
0.5856434423084181;-0.6909222080630114;5
0.7917453211694564;-0.6782498625334954;5
0.6923804173800457;-1.0441333039142662;5
0.3505730928612293;-0.90035667387325;5
0.5184095048236399;-1.1317121703174604;5
1.0244548735955759;-1.0902528228482977;5
0.7782600419384951;-1.1092276894353692;5
0.3890131413749722;-1.0127625300507088;5
0.7063671371910984;-0.9656137564838053;5
0.5176374614778926;-0.974714416577187;5
-0.02060578964489934;-1.1230977108441784;5
1.0100107166568364;-1.0410798008764828;5
0.5296483683773898;-0.5685508305322176;5
0.4288629748600037;-0.9819115991379763;5
0.6804575578070574;-1.2372296197351735;5
0.5666205319167261;-0.9181890234983607;5
0.8886940569777083;-0.7040087790696858;5
0.6100176425087076;-1.1840576299707735;5
0.7363775834957413;-1.0582821723894935;5
0.6954791064093306;-0.8644229810011308;5
0.5383533590091717;-0.7299998734529618;5
0.35341423488725304;-1.0596871451444285;5
0.7390099302296883;-0.6744359586253431;5
0.38185954318104104;-0.7092301842475424;5
0.4439006781325866;-0.5962025390906698;5
0.4902064319293641;-0.9956241250044163;5
0.857122829126028;-1.1019125016367313;5
0.26620666074618915;-0.6698099134620253;5
0.4383533902514791;-0.6998101330608906;5
0.5443582625961083;-1.046206208572821;5
0.6800142407591641;-0.9687477432850236;5
0.8040584629090783;-0.5082346162758276;5
0.5619280733202469;-0.5025421734729618;5
0.2173503865529739;-1.1414952557139115;5
0.5280465396595471;-0.4872049037764246;5
0.6848544860038868;-0.8335536812894037;5
0.3231937880261103;-0.8298843794341338;5
0.517870583334749;-1.1315881360290367;5
0.6698577124883806;-0.8180042205300986;5
0.36043947197448023;-1.363188804988294;5
0.24136832012132897;-0.5196611866166725;5
0.6393882822311883;-0.5024479860792045;5
0.08410747920380218;-1.1568608483769232;5
0.7311424763561036;-1.2670311305349695;5
0.48315318300601684;-0.770241136029399;5
0.18895706775612825;-0.6449107911390826;5
0.32592603005593107;-0.7557657233381662;5
0.5811825524309645;-1.0363235535101296;5
0.5231223788317487;-0.8863450824469983;5
0.16077155498471957;-1.4335663584651914;5
0.3771095123384445;-0.7008873783448022;5
0.5774734152019062;-0.8582230271848559;5
0.5759739426889723;-0.8222360851005457;5
1.0512672015950177;-0.6542022227408402;5
0.2669968355019631;-0.8816568281574628;5
0.23287328279794034;-0.714074756872109;5
0.16887577275472898;-1.0444765048897398;5
0.9443184940482439;-1.1915699138220095;5
0.27914482997117196;-1.0428704368486363;5
0.11743160910330458;-0.6522332576291487;5
1.0566824706498879;-1.0039614832290287;5
0.08664467038783402;-0.8682234512026235;5
0.6872000305188702;-1.3492547941444977;5
0.6052135240734736;-0.8123303608392671;5
0.28534414416806353;-0.8208871931077684;5
0.7386794294337641;-0.7196314889903122;5
0.6555484035388608;-1.190033205568615;5
0.6413780768230927;-0.8540841499802027;5
0.6549334985122094;-0.5744815795692408;5
0.545845747513095;-0.9286777406046898;5
0.6450793781222255;-0.7407472099295893;5
0.06296213402336681;-0.896575517321901;5
0.8127727208494591;-1.0951386990670033;5
0.6083003540061908;-1.3895313500194937;5
0.2806514908310639;-0.679075177305597;5
0.4007007459784052;-0.9661426798897452;5
0.6000098914359182;-0.6891410141795438;5
0.3996671472890621;-1.0090494735598448;5
0.34211451064991594;-0.9026269552347757;5
0.6013809589221925;-0.8487591208963562;5
0.5745420827514924;-0.5023976461039598;5
0.8012038834997353;-1.0344416307824662;5
0.599501959173068;-0.7438321439558738;5
0.09665700933824833;-0.9522984865296265;5
0.4415784111938919;-1.0534993613322572;5
0.4146900006162664;-0.6095586693269253;5
0.2840851422424208;-0.8125365292862815;5
0.7399249384550726;-1.2491209556058442;5
0.5026489840460999;-1.2930603503579432;5
0.3098749432314616;-0.6482352025738014;5
0.12930543650522536;-0.9653173583087012;5
0.6449782328461968;-0.6703296056410623;5
