CENTERS:6
COV:[0.35, 0.0, 0.0, 0.35]
POINTS_PER_CENTER:200
CENTERS_COORDS:[(1.0, 0.0), (0.5, 0.866), (-0.5, 0.866), (-1.0, 0.0), (-0.5, -0.866), (0.5, -0.866)]
POINTS/LABELS: 
1.0378709909517816;-0.12365033154213595;0
0.436867348809754;0.16099427766977778;0
0.6991427726748227;-0.23887869745788212;0
0.9650786314209491;-0.08384426830365442;0
1.627407078523738;0.7425074938902718;0
1.7297393082474766;0.17428235960547636;0
1.019407111036437;-0.39059814404456644;0
2.0955552688958377;0.8353156724210834;0
1.5764816873376675;0.27091609718055604;0
1.5197593852943454;0.02530109117073235;0
0.38317490195042914;0.051233430242437455;0
0.7692741165335981;-0.7061024136592;0
1.7520667876309433;1.0414344409740273;0
0.7808038792665137;-0.7356525764909889;0
0.6745759259013491;-0.6118565631052693;0
1.3019547659973842;0.9834027886344062;0
1.3517822653713283;0.4549919802226342;0
0.6182270677956159;0.6989009015490738;0
1.4950792035351168;-1.4242476251089393;0
0.8789293029236923;0.14614467071423018;0
-0.5387314978849136;-0.7222868854467355;0
1.6128379212435773;-0.5160525142600723;0
0.9450987291216422;0.4091435144975466;0
1.624345508620547;0.8967566900386651;0
1.8048637873079096;-0.011453493440939575;0
1.407277725771011;0.26092443600630094;0
0.5609991880149441;0.023787388236061812;0
1.5919721801533306;0.4367350987593049;0
2.5791903728966634;0.6502172767704673;0
1.7726064689110164;0.633782975241173;0
0.301253925320071;0.23642386342625688;0
1.6204032466378782;-0.8343779193586521;0
0.8506612434896303;0.0019338367163974613;0
0.4459847915759211;0.2734315677579091;0
-0.2850729341198117;0.4117987364883545;0
0.990094820206883;0.20171537014198693;0
0.28384716696709034;0.5112369332187434;0
-0.69304590808021;-0.3899401491525579;0
0.27659426037050405;0.42381979395091324;0
0.6089804601686943;-1.1388216304644765;0
1.4392351163050703;-0.6921084690274385;0
0.5745938267609005;-0.22689896672675958;0
0.9023505228932843;0.061949437570784846;0
2.2074348480484884;-0.5791851875836843;0
1.4662345926502114;-0.627500996547882;0
1.686906758134885;-0.16369320007819566;0
1.2157201975615723;-0.35687019004391024;0
1.7145428359898345;-1.1557706236529883;0
0.16301722980930733;0.059157129441429736;0
1.0293589459711472;-0.9920975891585548;0
1.8603832798716802;0.4283480295136224;0
0.525185755587465;1.0214659578092609;0
1.1350993162301564;0.04732082180203119;0
1.0905580527197274;-0.15660073300670388;0
0.8854557843455655;-0.06728488735044835;0
0.9963605838312405;-1.1555719453737283;0
1.789691444247118;-1.1641930668579787;0
1.3251634402203303;0.5086414744999312;0
1.1604400633181458;0.09540440264350201;0
1.69139646363231;0.17897978261658887;0
0.8074874565727803;-0.702381841563949;0
1.164872162262417;-0.6770316156387045;0
0.34248761917798276;-0.6667272788575827;0
0.6582085770938957;-0.657085084513103;0
1.0235713821406767;-0.6411370783288436;0
0.35035195482616877;0.5794418199376316;0
1.1481247014625569;-0.3549973486887183;0
0.6045048650165608;0.22500879761738452;0
1.3137133709333304;0.4627314486197074;0
0.8911387027347897;0.15404759339714102;0
-0.024672117692003503;-0.009268872825125516;0
1.339158184672142;-0.6861600315555769;0
2.192392254373164;-0.5198141297961835;0
1.61356807161237;-0.4224308671816177;0
1.2485698820538966;1.3589227556807442;0
0.54814863373901;-0.408825381873344;0
-0.0918867329336075;0.7572181922932462;0
0.7530905917473197;1.1729055910356454;0
0.5455270246920605;-0.06748696578712846;0
0.8388255424057536;-0.3195338887734948;0
0.8882441436052919;0.6407948861851569;0
0.0866546565342512;-0.47857847473352366;0
1.1839778693777563;0.2552978677443656;0
1.3015953636454276;-0.21123089174197457;0
1.363506529811624;-0.6418553780418298;0
1.126508756195771;0.503407611347107;0
1.042361805813452;-0.08475294608002813;0
0.05988015412337899;0.8692224176049491;0
0.04178269390647704;-0.21748716916176142;0
1.0135078555293788;0.6619415356078778;0
0.6024633323516968;-0.9082218138299825;0
1.444761278274681;-0.09020333924618144;0
1.1890247270779823;1.0304744762555131;0
0.8433363475839811;-0.08150538954430947;0
1.6156533958231942;0.6878353548269552;0
0.7332081789144345;0.7808049454732133;0
0.7820648743165065;-0.1579115770217;0
1.1132501318847599;0.015285032179752751;0
2.192537089176698;-0.12303974571177413;0
1.1525335739963594;-0.1397323714882357;0
1.3643185420573278;-0.15003311228251237;0
1.621753472727811;0.01622988667010744;0
0.999194434905176;-0.48061756945448125;0
1.5277413880316058;0.9083313266742539;0
0.7738686279682302;1.0301070259921532;0
0.8662494711530812;-0.07823286555514838;0
0.9138797149197684;0.8077119092677634;0
1.331216396617958;1.2035005380011934;0
1.4225438926819232;0.3775520712205915;0
0.4128749149944926;0.23242963138523812;0
0.4154088205297426;0.018583709931698767;0
1.605600094548861;0.27823769711566376;0
0.9277915833556144;-0.48983380580600405;0
0.7981431302757873;0.3401593259741015;0
0.3670374884873495;-0.7092837376725061;0
1.3220523718159591;0.14549917193559658;0
1.0303820108206405;-0.47636821125685064;0
1.0417152414172088;0.42683185396092077;0
1.5530494666863695;-0.24348283474345475;0
1.3245253961350092;0.0912046156333574;0
1.5360532909859093;0.33577991131358753;0
1.1290762231206606;0.33747554816116937;0
0.413098802992237;0.08682801151944798;0
0.6929907936058719;0.6294499178970174;0
0.8593633407200905;-0.06768137269739995;0
0.12245544230217775;0.34220224579884134;0
-0.2862265403110904;-0.18333537273749498;0
0.8294337485819452;-0.13414415884557804;0
0.13444114203331925;1.3706557233395809;0
0.3382328746805541;-0.2329523191172691;0
1.4272106228403305;-0.310382573508974;0
0.8542607978080877;0.07440514965635876;0
0.9757376982354533;-0.22916897293426058;0
0.6132891810530459;-0.09666912790680537;0
1.4741846218403367;0.7050803050645873;0
1.0163315328410838;-1.6603236375019745;0
1.3059816799772268;0.016976135958148605;0
0.3225771118020886;0.05106811236055569;0
1.2180576418740838;-0.26146135044061186;0
1.4842762709559427;0.2881134311603229;0
1.4467673301285764;0.24739019829897993;0
0.5165287931369542;0.399701997924981;0
0.5311496880144382;0.09556322675635703;0
1.0965572058632467;-0.6852222237805732;0
1.3669846821628124;-0.0005063968000294948;0
0.3855825338669858;1.1588599388143126;0
1.4132301645615257;0.27326772406206;0
0.2802267105117433;-0.07345649121923989;0
1.2585460818439667;-0.44843626634186917;0
1.4024925437666187;0.010148092713472253;0
0.07376049843370158;-1.3305029683239178;0
0.42829054089793994;0.6223268987423275;0
1.561500970246147;-0.9214600014278006;0
0.8639367959492237;-1.3707623418962733;0
1.1260870054110237;0.011742934163456896;0
1.2835061011409454;-0.3819840935047101;0
1.5958006311057906;-0.5046622152500538;0
0.7743587442683997;-0.5865257768950529;0
1.8199271762860576;-0.5310385381503755;0
0.5431867761930781;-0.21976004322008194;0
0.23279739000304045;-0.8108694525525059;0
0.8184489209761783;0.5297861194793861;0
0.655229609875944;-0.5944623208300013;0
1.767170438513883;0.37143816741318003;0
-0.7004867061311721;-1.5917353240706833;0
0.6315705197846226;0.44579728054842493;0
1.196231031291445;0.3379416296715731;0
1.9681693922747219;0.03151444602597835;0
0.8471430016438104;0.5645459240242867;0
1.056428697547505;-0.17589811862147683;0
1.1986200749063134;-1.1377590799495132;0
0.9072717178627542;0.42289877594824704;0
1.7856363090022729;-0.11331388330341476;0
1.717206185170478;0.3344938802609533;0
1.3093505772802863;0.5392413224527588;0
1.373929418147524;0.27302294228983387;0
0.980196543412756;-0.19085178697303107;0
0.16116144625101636;-1.0045355203455728;0
1.1070520351935582;-0.2126098943014795;0
1.4628181110314864;-0.28266355021186745;0
1.8757779113219812;-0.5606066752080959;0
1.561170143793567;1.133580439349167;0
1.1739968370523184;0.22400510897708317;0
0.3812240324663503;0.7362581350065985;0
1.3619475867334312;-0.45512858476597295;0
1.8152160612057506;0.26028309004582384;0
1.073853543826482;0.3661765509765561;0
1.149230412023802;1.1749463692035742;0
1.2526759395458105;-0.7246407742704198;0
0.5102683875362222;0.9590745325859734;0
0.4058857239194904;-0.5376679574330181;0
1.3610945405441732;0.6263853738889023;0
1.1756707269808317;0.4023459418442821;0
1.5240049244818121;0.45360331863664505;0
0.5008309142945038;0.3421692800080748;0
0.573409920620576;0.5129716528726416;0
1.4968713458748344;0.8128221266052694;0
0.8069940949713523;0.3814589756483864;0
1.2893406615099687;-0.5922234423845559;0
0.9000528033574386;-0.0443361689943713;0
0.9409830857489249;1.3690368132418191;1
0.3805224640992871;1.5579996546730954;1
0.8150648873694;0.029857673521170858;1
0.07220083540742916;0.931150339971648;1
1.514955199254348;1.1678833757189937;1
0.21760420060167635;1.3605760992067728;1
0.6378875907638003;1.525308954812083;1
0.6319738348951481;1.5950639368686392;1
1.7299843459907553;1.2871615603599516;1
-0.2900571064971238;0.8226832905779183;1
0.21772066813244073;1.089789157333919;1
0.11987114117848291;1.4192044264774812;1
-0.2855487471310766;0.31496485027605425;1
0.4723815690738162;0.7760393175550725;1
0.16082846352323188;0.11883444988973746;1
0.03820883740160508;1.138228974069191;1
-0.16645416644803068;0.76926199544862;1
0.3140474677447421;0.37973862424561133;1
0.19205468544962956;0.6550066147336651;1
0.3856879021234508;1.3967435398518955;1
1.061866447101817;-0.04333308318087137;1
-0.09694900023410824;0.28075367806132634;1
0.8610744400343964;0.6066412612798644;1
-0.29752710165141216;0.01273991283399889;1
0.37079325155958187;0.516098309541215;1
-0.6637486816918545;1.630691814526612;1
0.42657346410608127;0.7383977666385257;1
0.5039596811370234;0.7893052358587945;1
-0.07343757692381203;1.290349015820993;1
1.7504220156149415;1.333000573214226;1
0.8949644813667194;1.5375867268030685;1
-0.176243271214645;0.5688118247855807;1
0.4994276798093595;0.6014225201629675;1
0.7275092606529152;1.883980186695437;1
0.9198882696361659;0.4397787132945986;1
1.0568423283403758;0.4875496528269163;1
0.16678598885756146;0.5835892254564261;1
0.054623461628383274;1.5827717062148507;1
0.6309194598188899;0.48754406936600236;1
0.5602870685342964;0.93422585674176;1
2.006577384745133;1.5935542280957673;1
1.0134221765278326;0.7429183745419551;1
1.3289519989896017;-0.5018774182626479;1
0.45503038231697973;0.9785458073319249;1
-0.24908462269391818;1.8114149226008074;1
1.450355413105866;0.28604882788502395;1
1.179922038736211;1.5243052737617222;1
0.11925250611770427;0.14548897601713584;1
0.5328791772247795;0.5197302506492092;1
0.44214522044560106;1.2463135198097186;1
0.6674878154550571;0.8653585360083388;1
0.7192313352744238;0.4763958345694546;1
0.36357467591597187;1.9835433536480975;1
1.0206344363757809;-0.4316833439718285;1
0.9590885025568163;0.5301281467179892;1
0.46374528962580314;0.47204993906283305;1
1.2754896567846776;0.570501225206095;1
1.3484145554508302;1.4027435649326545;1
0.6491855967462207;0.506242937603262;1
-0.5954227831838323;1.058661353871689;1
1.253766255165131;2.1922314565472467;1
0.394504274772344;1.1397501865432227;1
0.6576119430259161;1.6953097659240053;1
0.14565110445314278;0.4708644993120159;1
0.811333870379177;0.5824241366845673;1
0.5178182480240655;0.4609702156846896;1
1.4272513276940826;0.806247332788261;1
2.1514521352147282;0.3729714176329331;1
-0.5112982237770176;1.670798302661273;1
1.2618334254489778;1.322850949259489;1
1.2280616944738683;1.2881388135803178;1
1.0531477813842858;0.6452292924695522;1
-0.07637250766468806;2.4738463294860797;1
0.004519310497724083;-0.1545460549456693;1
0.4803454919486151;0.7834602486973533;1
0.900542263633207;1.2449635363800424;1
0.44891782447698275;0.41938541347290387;1
-0.3592116597104583;1.108715290903094;1
-0.11990924043105877;0.9776054127573999;1
0.8897470272557682;0.6391386516096977;1
-0.058442208727652045;0.3288956474298581;1
-0.1190595328522761;0.6668856926681039;1
-0.11532742792920192;1.9731073792107234;1
0.7628839746945852;1.3479494074250276;1
1.9367460367619918;1.0767802099861234;1
-0.05438943698756027;0.2906005428980686;1
1.18894084152364;0.5095383632984911;1
1.6179542521881072;0.28867963194717694;1
0.5606263884505286;0.8113525125834027;1
0.7534671691815021;0.26238668766751094;1
-0.8398834560697899;1.0350588744982712;1
0.2632419070844295;0.8891598436743315;1
1.4214673837448826;0.8027346283739779;1
-0.3365974915911578;0.7439220698293478;1
1.3587193767500527;0.7828265556471999;1
0.943521275013611;0.6025806434570128;1
0.5317291537030479;1.6489417828222424;1
0.726444997533775;1.7808307506113472;1
0.4036686073348006;0.40341312878497726;1
0.10780279979847501;1.436267541859611;1
-0.43335116242835947;1.1734874787413394;1
1.2649817626872781;1.0308410367753187;1
1.4668178556347518;-0.11670249830765511;1
-0.25255350858903436;0.9516708322458413;1
-0.189661025578843;0.6997218105934877;1
0.1372969041120135;1.1201412078149955;1
0.7182475649859699;0.7908426520324723;1
0.965827654133961;0.6510362940805805;1
0.1892935495411534;0.9135723484497066;1
-0.2049758957037081;0.7158394290856027;1
0.5691438680001981;1.6652755447524101;1
0.1608137351462235;0.7620820160690932;1
0.10457044381006292;0.741971016791895;1
0.13195275432390774;0.014440956002446992;1
0.6733985105116637;0.6769623049485041;1
0.011058930654786914;0.9646696358684888;1
1.0298191098100729;0.29421428572918873;1
-0.05350486563399692;1.417312873739608;1
-0.445635360131887;1.1630525253621777;1
0.35143314107056295;0.6219878610257038;1
0.8688116801745296;0.8787755373013918;1
-0.09688858354848107;0.25777673411052826;1
0.1673206347318349;0.7334908079730098;1
0.6182341447728649;0.23774172481789868;1
0.02478650756237888;-0.5674994438996256;1
0.16584867554433497;0.8052558232474935;1
0.32235305608624365;1.869518075855416;1
0.49172196147371267;1.2735480924837042;1
-0.17053437680855565;0.8574314320045009;1
0.9145175607934075;0.3915214518768276;1
0.6499405967309841;-0.18290656278504358;1
0.6625265692699208;0.48426089552828133;1
0.2761417459911304;1.611140233535802;1
0.5476574347174827;0.17128852017802498;1
0.18757032309678656;1.8568140493881728;1
1.6487145664509453;1.5220075950063352;1
0.5730361993336606;-0.14480569486089856;1
0.41201964191640483;0.30724176840490447;1
-0.4403837909581636;0.02544397615064531;1
-0.2594198271786049;1.3116036759161351;1
0.7469321519232872;0.9833933986912131;1
1.3082169662547525;1.3101033967527353;1
1.484311937767518;0.44371152340222597;1
0.020431793018981514;0.396421685050754;1
0.5886093549288367;1.7031163691196065;1
1.9153484697470675;1.309444568498736;1
1.5452006885424787;-0.25244767362075404;1
0.9534663985469177;0.5785028858509884;1
-0.9270096723140357;1.3265191011222355;1
1.0420095478231974;-0.0011911651082566754;1
0.8853630627947655;0.1250698849059666;1
0.533611759115567;0.7470406664179745;1
0.9478969410729514;1.6584528005564234;1
0.21099418448727542;2.0622930053653605;1
0.3662112751882802;0.680455376679036;1
-0.056093176682548096;-0.48712808961176657;1
-0.03259787599326858;0.6160008911210921;1
0.6554021119822255;1.0565139770542102;1
0.5487616273394135;0.9979839375573052;1
-0.6800014402749908;0.6357637078417302;1
1.0714884356412582;0.8315711055642611;1
0.6968986471534478;1.040819907119657;1
-0.16847866904321918;1.0778728163026448;1
-0.07819230667363597;0.5207835587802878;1
0.4848435127533786;0.6188380849265673;1
0.38363163834218;0.7645448268400534;1
0.45515665578592435;0.8446604368589943;1
1.0402429952857246;0.20430891524649408;1
0.13020150515983758;2.3061873836285147;1
1.1246449992654357;0.8911799733076988;1
-0.15596757062224775;1.144017444510013;1
0.4989151979641602;0.7693600589765168;1
0.517080631334771;0.8101137312690485;1
-0.1335728651519027;-0.3719839173818765;1
0.015027342269230193;1.3516562977324802;1
-0.10503563132452653;0.9013435791880035;1
0.2524292683647018;0.8409599435067872;1
0.9856525209729784;1.0946012868785773;1
-0.5355846731120328;0.5530237579429165;1
1.0692193339760228;0.9688863095245352;1
1.029720382468469;1.4083323984516647;1
-0.6535747186183012;1.1044028534204322;1
1.5981326735578079;1.474363293733223;1
1.4105153657662595;1.0127632483260576;1
0.5091939951118419;0.9711007172004192;1
0.05514426663716432;0.09053186242732603;1
0.647472299909694;0.8623965805988023;1
1.306904605056694;0.8651770262360323;1
0.06937798587733035;1.5053902798611867;1
0.1239567473322809;0.4950167153653991;1
0.966887685054924;1.2388493871098183;1
0.08429087211618913;0.31297570447667666;1
0.8455405526592057;0.4828861629235659;1
0.8936821074242107;1.4363397376728182;1
0.20816064029684117;1.2005838215117832;1
0.6302961750649059;1.1475166846945182;1
0.4956003800886286;0.9252355342156735;1
1.1341850895626842;0.9492419724575341;1
-0.45091200356846806;0.30467885685100404;1
-0.10241415940113852;1.645116075461928;1
-0.39081346805361306;0.9882053106719516;2
-1.624369778272086;0.3883291623775738;2
-0.9269661949967952;0.74477466853728;2
-0.8336182213386083;1.0102635561957807;2
-1.3931553615295078;1.0872716892122862;2
-0.7040728838803078;0.8261962596661095;2
-0.4462878798236788;0.36658532472973954;2
-0.8587836087326801;-0.6411680066125768;2
-0.4340729078635866;1.1100376124091107;2
0.5161677456354106;0.07037600541485867;2
-0.29858650022145605;1.0444330318507176;2
-0.09251505019651801;1.161203414933348;2
-0.8760069436871982;0.6653583135968685;2
-1.4439771973783282;0.9174676448167147;2
-0.7186655395993333;0.7951048501835031;2
-0.2771116873225672;0.8244744900429782;2
-1.1501466048789823;1.532773073368816;2
-0.6803111205562541;0.4128301135936355;2
-1.605126614270323;0.8286529588564328;2
-0.48595542708935946;1.758070058879702;2
-0.9272703929854378;1.3873922613430945;2
-0.39350480514862834;0.5000795864106158;2
-0.548759509182726;0.5979240205455937;2
-0.20664304418962642;0.9895856917284098;2
-0.492674759925879;0.9918993734864371;2
-0.455066949860032;-0.42504187675871863;2
0.35251055748943494;2.384399122671761;2
0.6364972500428827;0.9893565783490093;2
0.2445062788130029;1.7755393355971831;2
-0.21524140883124898;1.211435088123209;2
-0.8523850904987706;0.15771488851016935;2
-0.10502354245576123;-0.048165236016240676;2
-0.1805805992194643;0.9713410648564161;2
-0.13039574005933896;1.4584013129333409;2
-0.5165079612534234;0.5139793092788432;2
-0.9149527898831141;0.6915242996889035;2
-0.7677189406701624;0.9978049092126067;2
-0.7367727853703968;0.2488312184253777;2
-0.8095295101782827;0.8166208167863249;2
-0.01100887690940533;0.8221368972258818;2
0.480297153620891;0.9669812990159441;2
0.36428474001811395;0.877970874959046;2
-0.2739142384242964;1.5076093119036553;2
-0.5552270363411146;0.5859935919455925;2
-0.40016349464705836;1.2990114403472142;2
-0.9418098027777375;1.3015555108326737;2
-0.44040670320404535;1.1516061875576429;2
-0.20010610168676352;1.352798574759134;2
-0.5069050190331952;1.1107026806740146;2
-0.27848706011335955;2.3595474477455394;2
0.11913578667551283;0.7029700751619425;2
-1.318726893850315;1.7230620565221964;2
-0.15569256746351479;1.8990381295517471;2
-0.18066527645290348;-0.02944854210070602;2
-0.507898542891566;1.2685302097164202;2
-0.7087541418782758;0.732352353776225;2
-0.7565834092985635;0.3137240206860701;2
-0.6131325204229048;0.990200957992442;2
-0.3381864466173112;0.4092160298564855;2
-0.5196931833361004;0.1992604076439557;2
-0.25540774410954215;-0.21072877857966732;2
-0.32819521538729846;1.1118466544282597;2
-0.44009631099987584;-0.5057719512812219;2
-1.189761169611476;0.5315152221044566;2
0.279165584219917;0.7052560198159314;2
-0.8516401084728318;-0.5851883834003616;2
-0.500182074274921;1.7040479134122215;2
0.20129958109073876;0.554441723292914;2
-0.30480631533992597;1.4027738053962175;2
0.1855006162126278;0.8812520945421889;2
-0.7215100986327034;1.091433855896473;2
-1.0911693128923914;0.8940393377513194;2
-0.15228506192690527;1.43100800174547;2
-0.22754567835406336;0.7749451156583832;2
0.03681247532872278;0.5423024622376411;2
-0.6640601387914254;-0.1788228071775807;2
-0.44340564216626743;-0.053748565654278546;2
-0.392558452515203;0.8409689106205676;2
-0.05260625520918477;1.3512297186546898;2
-0.2540505166542248;1.6804224025345158;2
-1.0276209475470894;1.7188994365026482;2
-0.8842849723305617;0.5158232390484191;2
-0.1941807553546157;0.8758507333963839;2
-0.5027651115985898;0.9507737589474776;2
-0.7189540822230527;-0.08965762618663231;2
-0.7292139943667799;0.8328536729749395;2
-1.0381374086170863;1.613277071753496;2
-1.5566484598770631;1.1614612219981733;2
0.25829758791988267;0.6443655669221557;2
0.16270166534138653;0.5624509732105116;2
-0.33935686944963106;1.0421720543057627;2
-2.1869011935823885;1.408490905741833;2
0.6687894683359175;0.3677286379060402;2
-1.103878291215246;1.4482090911204804;2
-0.13520756055181754;0.9934822472763527;2
-1.2437907139965612;0.3989313802519262;2
-1.1209830429585088;0.5399824605583976;2
-0.6167420799130017;0.4012292189550173;2
-1.5978932975582103;1.5136735629610802;2
-0.9316989898789321;0.9338573970257854;2
-0.043748592138606435;0.7448669235047514;2
-1.715576933687742;1.6855623428054292;2
-1.1363321569583185;1.3573370756696788;2
-0.54075119500096;0.6128973360866214;2
-1.2100636321936644;0.009370237911164092;2
-0.7934422283301306;0.7179144841690688;2
-1.435416270492086;-0.04211646477449815;2
-0.8861455362069137;0.9022523084881893;2
-1.0143285902498604;0.48728173385137136;2
-0.18912231433799248;-0.011459559772732941;2
0.14054462381162858;0.9265728818107509;2
-0.9685140273805314;1.276842692134514;2
-0.8955205298336717;1.1628852886200143;2
-0.8152467077820797;1.0747121625629343;2
0.864123702396915;1.2379086195878015;2
0.07865380658607313;1.4626752743034621;2
-0.8656601778141286;0.902732752082491;2
-0.5437920039466443;2.2571473215539344;2
-0.5979865666464916;0.6572423393637862;2
-0.17902436704463337;1.0792146932721711;2
-1.024509383804591;1.3996776555186305;2
-2.179153798086329;1.6567953775341264;2
-0.5967664444195917;1.445629980388459;2
-0.529271904233272;1.2428862868639552;2
-1.1800021191231742;0.8083042821208818;2
-0.5930193514466547;0.9581295405993544;2
-0.4866647648567223;1.2945179447812594;2
-0.8646202051130867;-0.5638930112097814;2
-0.6599177454981052;2.171888949015081;2
0.03724025654188934;0.6923347770758403;2
-0.32093631311013704;1.5622663647586061;2
-0.26314077680276465;0.23166761171780226;2
0.08163289670084084;1.140911251245086;2
0.39230474654988035;1.3937246916723536;2
-1.134677146618664;0.6645983853968231;2
-1.5580310131693826;-0.6191418640964951;2
-0.4411619069686681;0.4299760023639739;2
-0.22822679411599273;2.0896320801710897;2
-0.4471858265267584;0.5451283659030046;2
-1.5303203635727185;0.06598986856879285;2
-0.6555418133360434;0.4137392941716515;2
-0.7929065569552616;1.0807098619660793;2
-0.6733575725741713;0.5537234203973738;2
-0.3738195633795547;2.240008757352909;2
-1.0041675437850266;1.2279767096912695;2
-0.281172833561687;1.2257639388776376;2
-0.16316272555714928;1.2342082630463096;2
0.04511331972947985;-0.6681724994139037;2
-0.36053171053215216;1.0190044974232335;2
0.08355118350259483;0.7491236544083489;2
-1.4023618979730403;-0.35987022267582713;2
-0.0823961293150679;1.7085684003564414;2
-0.9277890880926023;0.5596796330829661;2
-1.7778629675662059;0.309505405131691;2
-0.9924957912494525;0.6498260757731568;2
0.1477280399725548;0.44730511261742006;2
-0.8879326151657607;0.706197420037838;2
0.23831791352177922;0.09223148109261281;2
-0.41468743439277006;0.29002876923691023;2
-0.010701756366924275;0.20812074114033474;2
-0.04463350946812439;1.2001725990694112;2
0.3793758134007026;1.5949084671087688;2
0.20177321152413752;1.0255280066717667;2
-0.4587251164723119;1.0283913953008086;2
-0.489623727638538;1.353883767909055;2
-0.32733359466692913;-0.04013487871381072;2
0.20133716078939812;-0.598933470242225;2
-0.6885879911866354;1.3070594068199426;2
-1.2077128278307505;0.39544375567436824;2
-0.8651002641397357;-0.04085573451929292;2
-0.9238192422176971;-0.5182304698500187;2
0.3057720260741885;1.4192339253429211;2
-0.7758413518213714;0.7583794584846915;2
-1.3170567723669695;0.7139815996128813;2
0.18088228375469584;2.051892605060398;2
-0.32658162319702344;1.3001132757704075;2
-0.9219647932437295;0.8689427398990078;2
-0.9975481419182745;1.0750607641570968;2
0.6519196676823753;0.4990137715063682;2
-1.0864129521457733;1.7774711775500327;2
-0.7458598601362822;1.3340824849538238;2
-0.5188730846406245;1.7248024952643126;2
-0.9594893532850327;0.952404670045362;2
-1.2525979135498044;1.1862892463166448;2
0.9359817502539325;1.0692276290952893;2
-0.06414637689834213;1.7322285435545757;2
-0.8814525016260559;1.761951500607164;2
-0.0011690604305681362;1.1810916626967525;2
-0.6751043931486073;0.2335030524412024;2
-0.9940305756137398;1.1136921382926321;2
-1.0032862063141492;0.7020293652656165;2
-0.28323402910537654;0.5487847316410945;2
-0.363579047242482;1.034946099040223;2
-1.1478031865982103;1.3642599521947287;2
-0.5812883494675428;1.0904402073578634;2
-0.2237557597280106;1.018173081503846;2
-0.8666301045153679;1.614344881368885;2
-0.5880836171345356;0.18892038169706715;2
-0.34362565222595964;1.2825619354132296;2
-0.38218159617595476;1.3554912072512406;2
0.2725164608772235;1.0065637369572777;3
-1.9825948557557251;0.1413499873078107;3
-0.7148906868735443;-0.7392133217787601;3
-0.473238353911521;-0.2836704487106241;3
-1.604874244856302;-0.6763050942731578;3
-0.23451073454444304;-1.161167182299477;3
-1.4061676082067893;-0.19989549532059964;3
-0.6552208712202348;0.1889072870563524;3
-1.6867668911073883;-0.7968582630671334;3
-0.6222188902244635;1.5175415772840213;3
-1.119886670209813;1.2536688622293672;3
-0.5838000093186719;0.10433768592688766;3
-0.849460189378922;0.41962286091506673;3
-0.9077597690701693;-0.38193025500877653;3
-0.12995702805027665;0.7492500687192494;3
-0.905112453015094;-0.747043688337069;3
-2.228315369903828;0.42371848609802953;3
-0.9330094784713485;-1.117374245551928;3
0.02920732883513133;-0.875901683203459;3
0.3688072164330123;-0.18554343800269119;3
-0.6143042045655319;-0.03173784110065628;3
-1.012066722623885;-0.16182911513640807;3
-0.042150769305122515;0.3161592821140851;3
-0.38783664354331726;-0.6077614773078913;3
-1.4172832974072813;1.393369142326223;3
-1.5595668898814703;0.9661371804491825;3
-1.4218277333324962;0.7837981253658672;3
-1.298747939514049;0.8005844471972036;3
-0.8986672656151163;0.22112893813063017;3
-0.5426930053401131;-1.6759726061853295;3
-1.1114474019587528;-0.4299270464568499;3
-2.0570296706865205;0.3596162298899182;3
-1.2056842651582413;-0.40981692594143354;3
0.19270180392659286;0.7327520377756993;3
-2.1692945590430073;-0.2637880142442201;3
0.3466968700857007;0.2189296528037034;3
-0.6280824491041544;-0.1504876381115837;3
-1.4415734939148221;-0.5595576217158704;3
-1.6292531569494377;-0.4456849438441217;3
-0.825516332315553;0.5063133544811842;3
-1.3497134976486223;0.30674194171664587;3
-1.5611848186642994;0.504658036661896;3
-0.9893002898296369;0.8408104489156593;3
-0.5052997666202433;-0.4097141941037947;3
0.10204051529081992;1.3501801557758597;3
-0.058290218174587016;0.06851910480244947;3
-0.07081508509620249;0.3476081797169789;3
-0.16102949526603882;-0.5733896714138085;3
-1.1335523365704532;0.23294882145194176;3
-0.8644259617704178;0.008334397801463903;3
-1.4707610158575903;-0.34956683069057415;3
-0.5650657763558204;0.11005689526321479;3
-1.0592631650551785;-0.24787396601046005;3
-0.4099419056258641;-0.92449895427513;3
0.0814014642248555;-0.07298512151848843;3
-0.8626544958311808;-0.18105914710908996;3
0.004353609131151126;0.7120833121780495;3
-0.7774721029689583;-0.03533281886308623;3
-0.5340346686992155;0.488800422815706;3
-0.09510397145506022;-0.3005510240155599;3
-0.9589413834392186;0.32909649661664075;3
-0.5957764609365351;-0.0695342869953896;3
-1.4825186827497205;-0.8014507093461862;3
0.04484985350154114;0.22513287454205858;3
-0.9102472210748838;1.0508243169707396;3
-1.291584565858985;-1.1555340661227973;3
-0.9228215734897919;0.452177634004638;3
-0.6161583206035091;-0.32304308962544903;3
-0.6983853341207232;-0.0020017155866271564;3
-0.46251859773982706;-0.41441637083882865;3
-1.7145543908753091;-0.16361372223858772;3
-0.9824014970610561;0.46327274861091816;3
-0.7068875660315379;0.6794327809404908;3
-1.2828861459143734;1.1649798713608477;3
-0.4471015646752823;-0.3447440990620095;3
-1.509219837885826;0.19072569521432967;3
-1.8508807623939247;0.23566646921432488;3
-1.259142832933235;0.3017457694866662;3
-1.115397545064494;-0.42737680870455746;3
-0.942842639770981;-0.8652936297209993;3
-0.7791420027691441;0.8013080751857052;3
-0.2956336605930169;1.548510741470987;3
-0.8094361918745432;-0.6621310921008389;3
-0.6521985254410467;-0.08969484033449251;3
-0.5005095837628764;0.6218158749325468;3
0.4972688849981073;0.375453763625819;3
-0.250430208386776;0.11145821900751941;3
-1.2067092806403228;-0.5332918431439265;3
-1.3253756490215463;-0.7539115422053972;3
-0.9252028155216627;-0.6820194112053888;3
-1.2177195531781002;-0.3798439893258444;3
-0.6023207193257505;0.20642161777762688;3
-0.7651081091495768;-0.16929208578716193;3
-1.1276682824586155;1.107086799081968;3
-1.583369901568618;-0.6177936057985438;3
-0.5910931825516874;0.21192534366956395;3
-0.5803778785459066;0.2977252960329034;3
-1.6137752324222312;0.9322113741904704;3
-1.337121849767172;0.11847268377726768;3
-1.605050703859607;0.7034745507410916;3
-1.509910685068995;-0.6749243286460229;3
-0.6087095765727147;0.14486374444717182;3
-1.228105357483868;0.014072552319861861;3
-1.2853447310799977;-0.3793037159595449;3
-1.0686101257159353;0.3234059999498937;3
-1.2427884820547308;-0.4221888914525671;3
-0.5969749222030847;-0.334615989780545;3
-0.8539214282223206;0.0057645831666064355;3
-0.24112410911490523;-0.04675524724307405;3
-0.7616240227672734;-0.1674447560180204;3
-0.9754128413264472;0.8499329839162463;3
-0.17185516853679805;-1.7467341513241117;3
-1.454138174880832;-1.0145626721464034;3
-1.187674297545576;-0.6622068106183646;3
-1.7446088770123538;1.204786180389323;3
-1.5901330218681016;0.20458521750642025;3
-0.6418356304527999;0.33849361010764933;3
-0.6164632200087952;0.1555617435395003;3
-1.2636927603621153;-1.2027418705540072;3
-2.0254209465953146;-0.43415029126525906;3
-2.0143649670928783;0.34208683921603;3
-0.9174877888053912;-0.15097749890089798;3
-0.6362909333045313;-0.6596490900283924;3
-1.2721761498634214;-1.0860279601002873;3
-1.1754051034234496;0.4725509824192013;3
1.9852817363757098;0.4259501935744388;3
-0.8165112335952346;-0.1600319181848002;3
-0.16027085977340116;0.47466665506429245;3
-0.4161593902196138;0.03890226365582345;3
-1.7079344217833987;-0.43678198786933653;3
-0.11231541053037897;-0.16825909235086428;3
-1.1389497763215866;-0.010431409157910434;3
-0.7645282080918858;-0.07615019952647982;3
-0.48531165486338956;-0.7925755950963915;3
-1.316407263976256;-0.2737799021347107;3
-0.9371994545299087;-0.3222717143858937;3
-0.41766895374147917;-0.5534377687525448;3
-0.07219551081791165;0.0574931115397279;3
-0.581731324288864;0.7398226236858729;3
-0.8320917934722056;0.16188006015144793;3
-0.6401461911769866;-0.23272215429700335;3
-1.791463850538327;0.3169258986367125;3
-1.6746338144862865;0.35886966088111444;3
-0.27856193712292365;-0.9830887302926463;3
-1.4338763633422615;-0.3004830973879722;3
-1.8166685172035741;0.21048890813542712;3
-1.3547113657148084;-0.041303514579863684;3
-1.4151490888746205;-0.3070304673556146;3
-1.02594674286436;-0.6604991597887149;3
-0.6488411762902326;0.7226616820361474;3
-1.1118351530096948;0.597644673648285;3
-1.5097850941356923;-0.10471480910549098;3
-1.1737242426585455;0.46571114150609755;3
0.1958864455323197;0.36985557742914865;3
-1.1935027504723879;0.01889958274528205;3
-0.8191354359289278;0.9728746782922332;3
-1.0246564737070953;-0.5153147528853087;3
-1.3481919843672985;0.028743670448108948;3
-1.32490435951793;-0.8500912887410209;3
-1.2054042659098887;-0.9670636556350748;3
-0.6388716036943285;-0.5260002276383682;3
-1.100161727555716;-0.017874770189563346;3
-1.0960301816781353;-0.5982480290992733;3
-1.2020049487621722;0.0689658259673233;3
-1.3538525573257796;-0.803308805411759;3
-1.3225107181521807;0.7589054110072387;3
-1.1238233726077231;-0.3319917638109159;3
-0.3065467877769872;-0.887307616668626;3
-0.3212212865910017;0.018294754036502797;3
-1.2942043413690818;-0.1875273339310421;3
-0.9149409218903305;0.7108428715648956;3
-1.4170472768973834;0.1332948421096288;3
-0.7789856079587301;0.052368653665436776;3
-0.9815475720222746;0.46884093469815125;3
-0.6631266445959652;-0.6487275143255378;3
-0.8628931958922608;0.4226687669945458;3
-0.819139052861582;1.2611875583207148;3
-0.7518306323933359;-0.4008671602887207;3
-0.8728328910099374;-0.039997756033070306;3
-0.7726988869819775;0.160309158412321;3
-0.2987847037590995;0.5642837899839859;3
-0.26347785024137926;-0.2801074992435446;3
-1.0767881412503053;0.10994926426129942;3
-1.294801091253394;-0.6481655941002789;3
-1.823079719592134;0.8867603282502853;3
-0.7217338242814028;0.4204352716513315;3
-1.3158353503921563;-0.19529848492095764;3
-0.9788807616999446;-0.4929638330103883;3
-0.6740968196976856;-0.27004809400557084;3
-0.8842156432337104;-1.1292653545933786;3
-1.1958660567305215;0.07261014844299876;3
-0.9636926633215169;0.7089213080740939;3
-1.651501837429342;0.6178255625443955;3
-0.7359169834901464;0.7456869151587224;3
-1.6619385314803028;-0.19004436374211559;3
0.30139732380458484;0.007471618166542611;3
-0.9170568500498406;-0.046228101274113795;3
-0.17350448348191805;0.4233551214596174;3
-1.3378581918294414;0.966228085099249;3
-0.34494489599192535;1.1459156858711257;3
-0.2641214361442583;-1.2526757752257254;4
-1.0145710915911572;-0.701624937723165;4
-0.38897065891751115;-0.12788381495991097;4
-0.7334452637254076;-1.240065233329442;4
-0.20090242752652404;-0.2519759858714724;4
0.15406194605603596;-1.0305250803186152;4
-0.31445828460599035;0.39934776621109924;4
-0.9286174420714695;-1.1008666227246247;4
-0.0032219961032594058;-0.8940950431175066;4
0.0983725957296464;-0.9912811328551552;4
-0.3071433191962741;-1.4823366573332029;4
-1.1278968642447593;-0.8550871300057445;4
0.5645854143658735;-1.2741522592472403;4
-0.3173541623563169;0.11678797478656777;4
-0.8564378600833884;-0.6220944391429101;4
-0.03757935580320387;-2.2646910613896925;4
0.23741489644532776;-1.0950535375283368;4
-1.3710221016058555;-0.6341456093688425;4
-0.41871013051163747;-0.7293867785613797;4
-0.6622605802645479;-0.7759312419564008;4
-0.19855891413153443;-0.9218606312544408;4
-1.2725045267607324;-1.1684219418335298;4
-0.9560329629808225;-1.3193018900042488;4
0.32166189273296775;-0.8732770178987759;4
-0.7453942005124805;-0.3140904723835696;4
0.08652679534985752;-1.097068061999816;4
-0.7321642931649514;-1.9804564127772362;4
0.02946920330863667;-1.5651861843924624;4
-0.8455176737950593;-1.1123315842156558;4
-0.5697377615701605;-0.9360220144028008;4
0.4505757807187558;-0.8186067861951607;4
-0.9726403580838936;-0.4131930716874517;4
-0.8171357399900847;-1.1152594071570887;4
-0.2680369524684184;0.7119080643958352;4
0.06521260357856484;-0.1905105418152243;4
-1.2323290696584968;-0.8405606228749295;4
-0.7808434859078073;-0.2519736995621522;4
-0.38224501157995194;-1.201131259908943;4
-1.1174769718384705;-1.6120115758247313;4
-0.9568806708235262;-0.8206097275029526;4
-0.49148674599780273;-0.2589429170689215;4
0.11033075161483252;-1.3729011604981598;4
0.16467450755621038;-0.333014801983316;4
-0.02568803283419735;-0.8800211716777431;4
0.04048071016015531;-0.7273268025175944;4
-0.20325776712895283;-0.7199429578679521;4
0.036567512570994;-0.7736545471361497;4
-0.43488205973590166;0.3910200659930231;4
0.785959535023079;-1.306221028829226;4
-0.753231327370137;-0.9955470235259306;4
0.012313483386145463;-2.2138035049635256;4
-0.2286286569146867;-0.06192007441930136;4
0.34146017799438033;-1.5495702811812384;4
-0.8195412803490629;-0.5272896066193593;4
0.2518458767058732;-0.6160725076023394;4
-0.3295866580603758;-0.7064946697548944;4
-0.4615551016120149;-1.906227601642469;4
-0.96323371798483;-1.0986783649851584;4
-1.1614204504355006;-1.6308665344847315;4
-1.5080138731828052;-1.5380858697317317;4
-0.5594511317389741;-0.5318073330065343;4
-0.4234557266839102;-0.5832545065989562;4
-0.3702407138361451;-0.7486108172826134;4
-0.7090993427795376;-0.537532448944299;4
-0.2704387206939491;-0.9268401266056983;4
0.14177886076721946;-0.7620014819818862;4
-1.1642217775918937;0.7085014957659038;4
0.16015395524792053;-1.1256406730904482;4
-0.2946637778026959;-0.7029830017569094;4
-1.027377471834698;-0.8097345878196993;4
-0.44113776286671713;-0.24657172510784986;4
0.9708957862592258;-0.6423927584789284;4
0.17084622183565268;-1.0129229413889762;4
0.06265291749257207;-0.5855534273985332;4
-1.075600055354275;-1.215404970404344;4
-0.4211693351280456;-0.6822944873766934;4
-0.9945877275894495;-0.9620121755175091;4
-0.35926956942574706;-0.8623752952001286;4
0.41183098185996914;-1.461615714417714;4
-0.018392755826166896;-2.0218475943425136;4
0.7995847983898567;-0.9772240112715915;4
-2.3285019535388765;-0.6885698751048698;4
-0.5461632568892536;-1.029384377436602;4
-0.3825470573738986;-0.8803227324881335;4
-0.0695694946076042;-0.7948859587589925;4
0.009490467302826433;-0.6755692492431492;4
0.27731772202627425;-1.1184094600894825;4
-0.49930105012902215;-1.3054586324214905;4
-0.6574188668468226;-1.0528698189665915;4
-0.7513260444557726;-1.3631092289656705;4
-1.2367947870447251;-0.21801216440591265;4
-1.0914828416809357;-1.877231918063826;4
0.0815733311643676;-0.4687448537582602;4
-0.9309756304912995;-1.9979889557763109;4
-0.09269035137710163;-0.6722051332590617;4
-0.43492193414834507;-1.8285013147334963;4
0.014012511760041368;-0.7850855063274427;4
-0.3614530575084527;-0.5418263585893419;4
-0.7732780436644451;-1.9346814221145787;4
-0.06037357771690521;-1.6273642083266011;4
-0.3833641482315141;-0.39888256205166045;4
-0.33035011485854116;-1.0079229114626564;4
-0.042281837767374486;-1.3223644681760005;4
0.375128533867398;-0.7673734688838811;4
-0.05411107119030556;-1.3137099575420943;4
-0.314057026821582;-1.4379018765403202;4
0.00404585567123017;-0.960284355088696;4
-0.21028328231615312;-0.28057911122485224;4
-0.5996260327173785;-1.3729588452023735;4
-0.9063939119141031;-1.0225326582129532;4
-1.0227724569971324;-1.7865513087696328;4
-0.6855350412904061;-0.8839651063044588;4
-0.32087532974241995;-1.4071572272151935;4
-1.2503220153546604;-0.5028449267569931;4
-0.9476919039108764;-0.7324626644311127;4
0.2787965339670393;-0.45298891112718176;4
-1.074341816833111;-2.220243740841555;4
0.15490533761413117;-0.6019352160330576;4
-0.3687154464640241;-0.9435026406441921;4
0.11654733848361098;-1.398988731105027;4
-1.4781056273378628;-0.8721914449833953;4
0.4054518866667485;-0.5813364346922201;4
-0.4906031422561145;-0.6184379674905853;4
-0.6371524421766359;-1.3620364546384978;4
-1.8647314250071478;-0.8820999051647502;4
-0.6104286285021767;-0.46698340715750114;4
-0.20659983342356542;-1.2822691310236523;4
-0.029369046325944836;-0.4047984122583339;4
-0.5886691271129316;-0.9448356297070505;4
-0.8054868208363652;0.2580466774008786;4
-0.7849711693890182;-0.6199919561720265;4
-0.8828196554691973;-1.3268408412906976;4
-1.2182794140572573;-0.9183195614714171;4
-0.5737515554979644;-0.021960577090539557;4
-1.7525417398011904;-0.7417863335500874;4
0.12857393598690947;-0.6338377194429654;4
-0.6391355736991874;-1.4359994751142793;4
-0.127720706523049;-0.7626730705435611;4
-0.9745867016352837;-1.4791955817348372;4
-0.05167284421114132;0.19948626456907947;4
-0.34158113793379663;-0.4309646067824172;4
-0.3654521614292955;-1.377857495774259;4
-1.4579239517210618;-0.19927479782927637;4
-1.066839774966627;-0.33279541123546996;4
0.1114616301197423;-0.28361003957770237;4
-0.6568273497172692;-0.8322517670236397;4
-1.0010642568111625;-1.5928353187534148;4
-0.4413653958233587;-0.7520535749123712;4
-0.04219253843658827;-1.8453063201464288;4
0.062430605362337466;-1.024312984698232;4
-0.7246753725972227;-0.05597638577877018;4
-0.9943510146959995;-0.5184019000390587;4
0.10963231693521713;-0.954203462859242;4
-0.5260870052143555;-0.9511142287391121;4
-0.9757462471550747;-0.5615268995542794;4
-0.5027387039254663;-1.4051240644612673;4
-1.0515480300191675;-0.40951206024922493;4
-1.2124457635286257;-1.329654230454485;4
-1.3420364497683122;-0.014432456799204574;4
-1.1934839770875905;-1.8628887859538983;4
-0.4831004392991064;-0.398059729618807;4
-1.8448442076413238;-2.052053911171917;4
0.19012790079786257;-0.44861596997146735;4
-0.24813016306263136;0.11119372066431421;4
-0.8773116915762076;-0.38185369286419746;4
-0.650137105292947;-0.04074423566272134;4
0.1355236641843086;-1.0235387349599412;4
-0.24158588903776035;-2.025709344387586;4
-0.7911222525710642;-0.9036707337213292;4
-0.3274870857805358;-1.6499407397971106;4
0.24474520954802137;-0.51412391970706;4
0.033936690477049836;-0.4924921542505057;4
-1.3577884035289636;-0.9521571455572103;4
-1.075964444200078;-0.7728227774242533;4
1.0311403519276594;-1.3362997937777383;4
-0.4948626054756756;-0.92204631582449;4
-0.7930054754871105;-0.16918602540822814;4
-0.6794563783869377;-0.533268248615598;4
-1.0885285351429728;-0.6288834096509885;4
0.23378114443216713;-1.6027780064851598;4
-0.6070204548345771;-0.2949133386360977;4
-0.6023063605452925;-0.656073569475006;4
0.08466759833990745;0.21980615234111;4
-0.6852555191328353;-1.798461564983443;4
-0.17836718252542527;-1.6434686352989427;4
-1.7964635366077242;-1.7147667854446933;4
-0.3677391106325728;-1.6902977303039188;4
-0.4591087343166238;-1.257019973786667;4
-0.4168365219836404;-0.7121136100751144;4
-0.8045014673217183;-1.0956381889465314;4
-0.2496025287072327;-0.39884397535477323;4
-0.3866556269557332;-0.3440964041380137;4
0.17245643502513852;-1.0202303959405914;4
-0.3379978349026994;-0.8964292793190863;4
-0.0514710864345172;-0.5645591540804485;4
0.06511509465638476;-1.4885532305171862;4
-0.08864195745901687;-0.5406140943413063;4
-0.8130291769367382;-1.2114751933236245;4
-0.765093335455673;-0.530911572362671;4
-0.889150976180582;-0.26879396432420344;4
1.823666714618191;-1.1661668971568897;5
0.3863079636702464;-2.3652398934081753;5
0.13270044468086517;-1.779749734825568;5
-0.42902078533563226;-1.2159263484306742;5
1.5229032796271786;-0.5039414865396432;5
1.0138329982896885;-0.25252879852364873;5
-0.2499335493705932;-1.9481872177961281;5
1.0526156218290943;-1.1259771244455987;5
0.36304077720676386;0.38265202350937744;5
1.5007033950777686;-0.7004970141262066;5
0.09586767964847653;-0.5242748469760725;5
0.21363374991131479;-0.3005038892574632;5
0.7447441961712822;-1.4419179388169936;5
1.8766515007835953;0.06926049679302038;5
1.0322095881784998;1.0168875302545755;5
1.3345155481526132;-0.9284473937656162;5
0.6083371145765367;-1.087485255474523;5
0.025020637121194178;-0.7769159220207918;5
0.37471088832034993;-0.5880377681941558;5
0.5948322514119779;-1.9621799530949988;5
-0.11394955058038403;-0.8532054682167404;5
0.5841455402947551;-1.7640872981438962;5
0.17612021285255813;-0.7518892543709141;5
1.3800823309356425;-1.7191186080050853;5
1.101351324946469;-0.6779527178452979;5
1.1589871549732846;-0.15202278034325267;5
1.6425459200057992;-0.8796038917554343;5
0.2556312857128754;-1.2457651844986921;5
1.108711736926151;-0.29844985730196283;5
0.48581379149275;-2.038883213774605;5
1.873071128264094;-0.026561008924501417;5
1.8532079408157467;-1.1057856908177184;5
0.8797069238059041;-1.5197729320270636;5
1.6199789321338267;-1.8308372588772;5
-0.1501466071302633;-0.7269916944435098;5
0.03215173187621223;-0.650882712548793;5
-0.33484438657669735;-0.8723986721156329;5
0.179312102045793;-0.06757780590964946;5
-0.22821205395108846;-0.6487486490248551;5
0.4649022750929316;-1.1960412132596052;5
0.6263709599170246;0.008452570172432394;5
0.4518312632034277;-0.9423239874598517;5
0.5862488721798103;-0.5874490809177342;5
-0.1581402405440585;0.1932471321343291;5
0.3533379945247901;-0.3289036559376002;5
0.6138381917803439;-0.48238357505901264;5
0.9867388773686554;-0.48637073565412775;5
1.3478235595986345;-0.6508275000328504;5
0.7123023525898847;-0.3972421752842088;5
-0.3290714586868234;-0.3530815516611412;5
0.8062601694356972;-1.6975613137782004;5
0.36320152593355826;-1.5148560950825702;5
-0.044206159465235206;-0.6223436789078637;5
0.5637932142529958;-0.4030307824780258;5
-0.18615274070639098;-0.6753718087089993;5
0.717927753664956;-1.5212518252016467;5
0.49945347583223315;-0.8967318691257142;5
0.22837091228386786;-1.0450054414867764;5
0.1544380771795344;-0.4696222848472582;5
1.7729864348555002;-0.6071404613937017;5
-0.13188576501111438;-0.7215307178934999;5
1.1874343587225002;-0.6284953224071421;5
1.0673385533124438;-1.2732358457587671;5
1.7299098294642292;-0.5227728772638122;5
0.5018017817071535;-0.804304630138459;5
1.3079777071850163;-0.6003175260275686;5
0.8567789497067644;-0.3646872117948855;5
0.3462596119325677;-2.0772514307144956;5
-0.09179598878666506;-1.1504515448074957;5
0.17370952006886148;-0.8253056076500912;5
1.3403454747404262;-1.3486770501910923;5
0.42874146111948047;-1.693567972590257;5
1.0794265334324695;0.12195466762880935;5
0.841582216358365;-1.1477894375218933;5
0.3678470913496583;-1.2902046974785941;5
-0.5185730492818328;-1.3036845563226616;5
0.24921604463012748;-2.4916800904205147;5
0.7480384943515741;-0.4266589943632939;5
0.6155657383830905;-1.3788942567805278;5
-0.6482458607222206;-0.5071674741773506;5
-0.18322981637568825;-0.9073348172390874;5
1.170760730057137;-1.8193037199676692;5
-0.0341578512733377;-0.360053048913044;5
0.028667016255525868;-1.686653799301145;5
0.37402299655663923;-1.2229456753900732;5
0.2956549551033679;-0.5773106717691994;5
0.7083377291434265;-0.34610575435412294;5
0.5275363523969254;-0.08748678606586069;5
0.931376717829108;0.6954637238993043;5
-0.10479688400114917;-0.9860307922880458;5
0.6521670620855555;-0.7817952582696772;5
-0.19178961181398013;0.12437120947526903;5
0.01125265319283758;-0.8901447906214384;5
0.0905177837868889;-1.4125007385664297;5
-0.032150124293382265;-0.911404153945187;5
0.8505998495121034;-0.5923667641347381;5
0.5089511242488629;-0.8904882173980047;5
-0.006054730463632696;-1.2943513779876539;5
0.12266800846072767;-0.5609179300099993;5
0.6204052178232368;-1.5287669470143208;5
0.25370695395076637;-1.5782692118860058;5
1.0358796008250213;0.14739901928696486;5
1.1897944304407246;-0.6493132993585053;5
0.13163501234146574;-1.0718909189740962;5
1.2300430352506275;-1.3595653874339768;5
1.2607465442563424;-1.0007911407877192;5
0.28490474760638035;-0.38649944684416065;5
0.6636622852495782;-0.8203522311278564;5
-0.24831612930731684;-1.6988149255106797;5
0.4436022211611893;-1.0470220476009056;5
0.273776432882622;-0.824185430735274;5
0.9140481979954829;-0.9592911252873889;5
0.987818199715812;0.29473619003013674;5
1.101901172796595;-0.37957422045897904;5
0.8492689527094048;-0.5404135435576722;5
0.08162757484398792;0.217343526078284;5
0.16786226464171056;-0.7509224222207506;5
0.5363530712327078;-0.7897833684742307;5
0.6292976252558775;-1.153366226705461;5
0.666803706906815;-0.9188253642469136;5
0.9551795248559509;-1.728231035908217;5
0.019743681864717033;-1.3932226770936569;5
0.22517439958472535;-1.3540829750721826;5
1.4569412400219337;-1.5038318349537683;5
0.03219445678684807;-1.6158295886416545;5
1.2327923222702335;-1.9515940264981686;5
1.2352039958415437;-1.3357179763518139;5
0.13782337318044746;-1.050473513317234;5
-0.04157388341364732;-1.3195286022187904;5
-0.029035354767828703;-1.1723750528202759;5
0.6519105046420487;-0.5963711008758088;5
0.2580349088360372;-1.1939814613480861;5
0.04206102716316312;-1.210163769169144;5
-0.05771803848589352;-0.6364650303054531;5
-0.16764797248054997;-2.0536555960102936;5
1.138796715983613;-0.7248015733356766;5
0.11676510247570654;-2.051442457978025;5
1.0011724714083459;-1.7070065525042966;5
-0.6025753088026429;-0.6043000604053892;5
0.8877828607623482;-1.6248150249483122;5
0.4038894796465506;-0.43363038318121366;5
-0.029797593378088183;-0.45066061439186816;5
0.9023568287245589;0.20327364940245418;5
1.1614340620996002;-2.1442822058439366;5
2.097967159890487;-1.871221117535565;5
1.8642350416934645;-1.2103793759686519;5
1.050891579796159;-1.87261138036542;5
1.1058065254936622;-0.7852857657999428;5
0.1697726971544758;-1.5801968535001434;5
0.6654149251768744;-0.46583487289277237;5
1.0305736591384849;-0.4331779623504004;5
0.7344263537359773;-1.5119305397818563;5
0.7390470102499389;-0.2788242415550658;5
1.1101950368219293;-2.2620071813229563;5
-0.4398510887830016;-1.5780744338556312;5
0.6304861089129065;-0.1616188502914988;5
0.8595814319567849;-1.4941537112518604;5
0.8431464744027215;-1.6443432531765416;5
0.8614430648657403;-1.2331440866680454;5
1.4139792329025318;-0.8659076366010698;5
1.4065050115271354;0.5383017927210422;5
0.7071006223295603;-0.7677851424919787;5
1.2909306797849232;0.1155053331992143;5
-0.4998052507997457;-1.4162147557757145;5
1.1462189553229676;-1.020571639568446;5
0.33329054681804826;-1.3641160440265792;5
0.9753310844495222;-0.9283483183432137;5
1.1962848499131291;-1.660307670018507;5
-0.31690318890095437;-1.056985112923859;5
-0.4694991907087459;-1.1287385632783904;5
-0.023018326275848766;-1.4970717357078485;5
0.6739874505311303;-1.3855325256129674;5
1.4661078359773305;-0.8248657161371475;5
0.10518908013381612;-0.5328160244916176;5
-0.37354160927558233;-0.8088134197135974;5
1.1582206897719138;-2.1706269089919754;5
0.1857589569301088;-0.5162411641727906;5
-0.18860149933272252;-1.277529016563357;5
0.9883657665988659;-1.1999088925494006;5
0.9464062550935592;-1.5561803100131808;5
1.2151961038827954;-0.3206095890553323;5
1.1349315356707197;-1.6608329850824295;5
0.9134487076527813;-1.0618151740274766;5
1.002959288536565;-0.9707579999638563;5
0.17736766753990008;-0.5536798878097035;5
0.9733365018066209;-1.1127846309174638;5
-0.015795387582943854;-1.1708956033231162;5
0.06279445110564702;-0.6032188331865007;5
1.1680274047809107;-1.3260865152773857;5
0.580314815341871;-1.2335919210396085;5
1.780263637327695;-0.8992902242770417;5
0.47792356993832946;-1.7883159851393695;5
0.06038899819673693;-1.407053477379029;5
0.3368282873810178;-0.7556476814182078;5
1.1034794748839283;-1.1510609917111323;5
1.2845207615089116;-0.48917667378479596;5
0.28173356490139023;-1.5264660758651676;5
-0.04905049975624198;-1.4607728960038546;5
0.8885733364466089;-0.8565914842018456;5
-0.24339953278439608;-0.045630827285479625;5
